504.5706325
410.0496949
435.1620217
391.7501053
334.8711829
367.7657674
376.4295927
371.6084649
372.2283369
339.0816031
386.3849666
351.6282202
382.0803563
455.6468192
414.6168916
407.8109004
320.317746
242.1557657
359.0119525
340.1008917
445.1191775
406.3398817
396.2215847
360.3685431
332.7822014
420.8582519
459.3049552
255.9367809
404.5887115
304.3281662
282.4583938
280.4865134
291.2465753
494.4632819
454.4732628
385.3378029
289.6653289
468.8573486
314.6214785
360.5341393
440.7143949
282.0582135
375.1147513
365.6514565
269.2539741
444.2225905
380.8906348
288.5135379
371.5991732
363.7271166
297.8747511
233.0106804
387.5361848
321.2397261
326.8599415
397.1258087
302.99035
378.9528665
347.6661306
375.660926
396.4994452
392.8276899
476.4602635
412.5888791
319.3925838
355.2847015
364.7980188
339.4434709
281.9957172
345.1385929
269.7351068
540.3221016
296.849862
381.5163619
388.5729748
364.6605523
381.1054898
305.2470278
333.5078463
422.4442079
358.2967449
352.1209994
377.8561894
260.6592639
382.7746893
372.0291378
440.82615
371.673125
380.234105
392.6384189
295.7452934
389.129205
349.2854986
414.5918167
268.0499968
368.1310719
358.9035067
327.9465632
351.9281645
270.0207316
407.7450947
379.6753292
347.1517769
273.7113249
274.7477967
300.2370108
328.8411773
370.3445369
339.2647645
364.3415791
361.6875213
328.2284968
374.6182172
276.4537813
338.7409917
409.443315
298.2235086
307.3589203
413.5107955
366.535506
375.0437269
257.6294007
354.0984803
233.0106804
489.4432094
358.3270385
341.2903586
337.7474782
284.5621401
300.4714675
371.4884999
272.1452252
338.968066
383.9005144
367.1091741
372.2329191
349.3796886
335.912046
282.9779662
247.0541548
356.1070184
333.3379224
391.2142406
325.9431164
373.1212963
357.4661546
446.8932589
419.0234562
445.4111665
388.1556113
291.2243007
406.4396722
425.8899072
326.1775732
330.104787
327.283542
417.7124332
319.6556794
438.6399238
426.2137171
293.9665025
384.8891276
311.3630136
483.9486231
340.7612399
470.5904446
338.9156887
298.4526194
305.9909379
286.512255
456.8957277
310.2477531
432.642821
307.8832022
300.6231898
331.5572859
310.1044315
231.8478158
298.2693308
394.7957517
339.1993406
333.6731879
362.5250486
288.1999107
314.809413
330.1868214
384.5721909
391.8463319
320.8434916
442.7855566
307.1068984
345.4866504
421.4741782
358.6259644
400.2613174
351.3283396
235.9881027
323.6697008
362.8062821
395.0916865
280.3477741
257.7790864
287.3351446
415.7317703
459.8003437
303.7107125
412.661049
368.6556084
290.2505797
352.4467823
309.5564749
325.4492553
347.3575311
375.1573913
395.9448697
442.1641572
364.6028927
389.8659235
483.6502699
350.7843288
420.1472447
398.7526227
378.001802
270.056371
363.8949403
293.4916067
293.5201183
349.7694315
406.8905114
475.3289652
366.2850752
316.5752845
260.9484526
387.8696046
273.6896866
384.4633633
364.376964
396.8088084
366.4460255
436.6950276
290.8743975
486.6592585
359.3983861
344.0631086
358.3659873
360.4034188
289.856
336.4196537
403.488725
269.3507097
391.7387771
420.4019396
409.4358052
356.8572926
357.163792
334.7823388
355.9002459
424.8808014
327.7845946
460.7564994
279.8629501
371.2903191
389.9543857
270.9814696
468.1710344
383.3001168
365.4689316
383.3717776
314.6998853
420.4775461
235.0197276
393.01747
256.767944
318.2432112
419.0051273
315.0333688
367.1451317
342.9423112
395.0738668
315.6088188
416.2127757
387.027877
476.1313622
343.2701942
423.1535604
314.5953853
393.1963037
384.0293256
257.2434763
283.53496
386.3849666
282.9779662
353.8880802
331.2994726
272.8586508
320.6865507
404.9832912
331.1863173
388.3613019
441.3584508
441.4885349
395.0383546
343.0846781
318.8694474
376.6453388
291.2391929
304.2505231
214.6751968
293.7401919
268.14966
376.147341
458.818222
383.0446583
286.2349036
403.9303997
406.1623209
319.228515
342.7394209
289.2816955
257.8949147
345.2589397
470.5466589
472.40042
311.8934051
331.7966431
367.5406024
337.3525166
378.6690873
364.3592716
478.6475081
409.2177681
371.1199497
296.9504162
298.517916
263.5473329
314.8197866
427.2008029
309.2671588
396.1312132
275.1258296
301.9041738
366.3386617
354.7385904
364.3149768
328.5558707
346.7357498
393.6131581
417.9269064
397.0463836
211.2619549
296.7490533
465.6986742
297.8417846
366.8983285
502.1878801
410.4936607
340.0704708
318.8245163
329.203936
375.7846458
318.7445821
396.3965999
354.1542942
307.0092718
466.8116436
296.5199425
393.7583889
293.7968332
370.3491191
280.6986955
306.2236763
271.2239452
318.9293981
373.3875103
409.2027486
419.2810786
396.1552698
447.5917923
363.2860783
359.4331346
386.5067772
311.4715867
302.5813235
397.040274
362.4152663
250.4521227
462.8052592
363.3037071
236.1240418
371.8532952
322.424929
322.9023068
438.2216693
424.5671741
375.4991483
308.2117217
446.153231
316.3447736
325.4021603
269.4833394
394.8312639
310.2422799
323.2146612
378.6788245
353.8751609
303.1908856
431.5115228
311.0202384
282.8551373
370.706532
321.6345604
230.4237648
452.345587
416.32504
324.9062627
342.0220495
290.9192014
294.8419603
337.6948463
312.1304075
517.5780169
336.3843961
343.485813
325.4728665
369.8191094
328.2100406
346.0191421
332.8180954
304.649685
337.2119316
302.6730951
393.3928299
322.753003
190.9657919
306.1248404
400.5184306
353.9353025
368.2936769
400.505575
380.5866811
336.0446121
351.3240756
310.2091861
353.5790351
406.8761283
249.4817111
341.874973
350.5316704
324.2086203
401.55783
266.3656504
393.4796374
387.1293222
370.5047872
385.8729676
280.8090505
347.6747223
256.4242778
332.6116411
356.4905881
332.8091856
422.3551092
373.8981092
378.6202739
304.1310036
375.9277128
324.3940728
346.482646
341.5936122
386.5280336
331.3809342
494.4632819
392.7244627
341.208006
485.3436533
356.0768521
318.6544651
309.7174252
305.2116429
308.4995103
367.6981798
387.7134274
474.6538521
320.8630933
298.8889482
413.8959563
423.4366395
376.7509843
366.441507
405.6399482
288.5994545
388.3613019
370.2850317
347.2460941
394.6365197
420.2791107
348.2960581
343.8305611
324.5081191
410.8021966
439.8636301
388.3396636
305.8859924
345.7400724
335.1596079
306.4266939
342.6703694
375.0674017
384.7746994
338.0060552
272.781135
353.3559067
362.2265681
362.4372228
349.7479842
270.4570604
387.2629701
205.0342139
345.774439
387.961249
303.6384153
345.6756668
391.1467802
299.3931193
379.2619115
317.865433
336.3931787
282.1653865
304.957839
340.0051743
300.1988257
323.9227409
313.2152472
316.1189722
389.9709326
293.0915538
341.7105224
356.5121627
391.4506066
375.2949851
292.0053139
426.6165703
318.6645206
441.6685141
392.7531016
416.7684967
305.0642483
354.6998961
339.2604368
329.0203292
385.0349948
373.1259421
342.7350932
361.9021218
361.2588295
297.244569
394.9198534
408.6505916
288.5056463
385.4738693
343.9468348
363.8463179
294.3324434
329.3139729
282.546856
323.8989389
303.2272887
383.8130068
287.0784133
239.941537
336.3490749
344.9236742
252.6388581
347.0573959
404.6094587
382.8256029
396.2817899
274.7055385
228.6056432
312.2486542
382.6476601
370.7340253
393.0694018
338.2949893
361.486222
385.9519472
293.0412767
306.3570697
375.6228045
289.1582303
333.5302482
399.7628741
327.2231458
412.6289735
392.1871979
367.873895
396.2094927
324.3370496
350.7072584
353.0170136
381.0305197
294.3324434
268.9991519
282.6264084
341.1603382
314.4227885
352.5281802
381.6268442
315.9543942
359.1464915
271.6018507
450.5715057
375.5229504
207.7815071
345.3577756
376.8663034
411.9124931
335.305857
329.7761403
454.0354065
373.1586541
349.4996535
325.7458266
253.6128336
223.3447499
259.8561032
406.1694488
438.8509603
280.0967704
282.3342921
339.5393793
353.9867887
344.3128393
331.045796
394.6660495
409.000622
422.9926737
401.9720114
425.0910742
343.9167322
412.1104194
360.8220552
410.6940054
359.3852759
411.1747563
456.7104025
341.801403
393.2828567
363.4403463
429.6853823
327.1254555
308.8029549
359.9026844
377.5510902
439.2007361
393.7235131
370.381131
413.7070671
343.7745562
317.6078106
333.203638
432.173653
349.7822235
335.0176228
377.4543545
453.6993773
404.1831853
266.6388014
354.8460816
286.0545425
330.728223
288.4196025
316.1086622
320.0860258
274.694974
280.9920846
333.3692342
347.8461099
286.6179005
376.137731
276.7667721
362.8810613
354.287433
454.8428949
390.7100695
416.7509315
451.6236334
256.8193667
341.8706454
442.3140975
481.0516442
390.6988686
349.0156569
337.8965275
251.251974
339.0816031
385.4686506
300.287797
393.3985576
320.2783516
445.9101189
356.1026907
236.0558176
363.0439209
305.646317
397.6903122
393.329188
396.1071565
413.5925117
419.6887685
384.9255307
227.45958
383.1212831
361.6174516
369.568424
321.005142
289.7340621
372.2607943
429.2624183
351.101329
371.8070276
400.9256114
278.3471276
376.4439758
405.2687887
367.3382212
290.288383
360.1899639
463.2334419
294.1567917
347.3060448
310.5938377
324.8210462
408.5023059
395.6751554
324.598236
342.4068283
271.4534378
308.8310846
474.9114744
349.0927273
442.7685006
311.2597864
267.5852837
412.0787257
468.2112561
371.7423674
350.8272234
283.222351
469.7732827
284.6213271
348.5273963
355.7064563
426.8691013
383.1110367
345.3749589
328.1591907
214.9114355
377.7350152
344.1836463
400.2997571
429.827431
265.5612169
387.8749506
325.9243421
309.6342452
332.9168676
348.3945757
388.6763293
234.5579421
233.1618935
303.3424805
439.6772866
400.906137
340.0922364
395.5855476
439.0785437
393.9040015
407.2799998
224.4780847
371.1844189
313.4220834
372.1356107
460.3939952
337.4710814
361.8013766
270.0680811
382.4041026
347.9661385
340.9087618
326.7107649
328.9790256
376.7702041
339.2255611
441.179999
405.1292857
302.4464027
318.0771059
314.4698835
419.8660749
447.3377338
338.3212735
173.1256968
282.9428358
343.5418178
263.9951173
405.6680779
393.1789931
336.7897313
417.1455113
392.741646
337.0756743
306.7618321
315.3085563
334.2486379
364.7758077
363.7977591
269.3628017
373.0746468
300.5474559
311.1019546
297.8219283
354.2402108
299.8739974
257.5792509
351.9281645
401.9193159
374.2506217
374.6417647
494.8257861
379.6063414
214.9114355
423.629729
463.2003481
323.4591734
357.9287675
393.1847209
372.2932516
398.3094206
318.8195522
385.3953352
275.2200196
317.0802193
341.5979399
408.1480752
305.9909379
464.6646207
374.7976874
344.7688335
356.270769
312.9386596
394.1726976
291.2316831
422.9626347
348.0732478
355.2588629
337.0668918
442.8023581
374.0624962
358.9294726
247.4915019
391.2647723
385.7887693
443.9932252
346.6156576
322.3427673
334.5511914
351.6667872
305.2705753
461.0619805
341.5849569
308.9934987
342.3419772
282.1564766
345.1902065
215.1456377
273.9700928
380.4624521
409.7381042
286.3819164
336.3314461
261.3249581
428.8321991
360.2596518
312.4579087
379.6457357
304.8986521
371.7239113
319.2185869
335.7573326
385.1809893
202.1667649
278.5502725
338.2862704
302.4280738
351.4140016
361.4818307
433.2082156
430.1130558
285.6007758
360.2683707
399.3568388
369.6230924
298.2562206
270.9931797
359.5852387
385.6469752
296.0045704
218.7421683
388.2259992
309.7396362
361.521225
407.2582342
361.1015068
190.4770222
391.9200292
290.5446052
262.5331357
348.0432725
339.0597103
313.3637874
340.1574057
359.5243334
367.6171
306.333904
292.7462329
376.6789417
282.6704485
295.3057825
314.270748
421.184353
378.4201838
305.780856
328.6111118
267.9750266
328.5282501
305.1231807
466.1380578
391.9654695
287.6542451
308.1608082
391.6425505
281.9777702
320.1057548
312.297022
475.1721516
285.0758575
390.042848
438.8662344
412.942728
415.808777
336.5430554
420.345171
352.7639734
469.7732827
305.6580271
314.0185988
363.9523453
361.4818307
409.9734519
302.5813235
368.6465712
361.241328
375.4326425
237.4121536
301.8670069
302.6792047
368.9230316
342.9250643
393.2828567
354.5065521
316.1651762
416.8383755
362.410875
314.2498098
301.5070484
279.5620513
264.2585947
300.6799584
269.6992127
320.553921
340.7699589
385.7572666
398.7088371
403.5225825
258.6637087
272.6702708
383.1212831
369.4318485
393.4159955
262.7210066
348.4245511
377.6284787
316.0932608
352.0352738
376.1186385
337.1592361
327.8077602
313.6126272
358.435357
