19.38072268
21.32404782
23.23470972
19.15187238
21.98236309
20.19400442
18.47548108
20.62402904
18.68594392
19.32817354
23.94074031
15.77372065
15.80766117
18.22476804
26.16394387
6.380518351
19.22328288
23.29018352
13.52683996
25.46489547
19.77269962
21.7370751
15.6727837
16.42141596
18.16205931
21.41290249
19.19119736
21.87967495
16.60459549
24.56074159
16.65133593
19.92182128
17.89263835
28.51681649
21.42284995
23.1561004
22.44409412
17.20795148
21.65279248
15.55898365
17.54277113
19.53151429
24.93048568
23.90501249
24.730372
19.87346957
24.26119842
20.36760658
21.62039102
22.28612174
16.25877225
21.41097528
29.63670933
18.89313908
15.05903794
23.83352075
23.88200334
17.56478283
17.1833446
17.51542915
21.91972657
20.2307658
19.69858561
20.48157814
16.58261539
16.2050722
17.11085992
17.88128723
16.79996112
14.99861298
15.93090319
18.18767718
23.67531819
28.72009856
25.07701667
15.3406811
20.11715982
10.23948363
20.91675703
24.11211287
23.86911316
24.32111789
19.42821233
19.21301046
23.35265755
24.34685311
13.09473016
24.49399792
18.06222362
21.52895019
26.81101634
22.29744127
24.09796797
17.66783654
26.15128839
18.2437648
24.20014159
17.26350652
21.04968924
15.25356408
23.99247252
17.01811022
22.69659446
21.24941929
23.35350607
10.36094738
17.15583111
15.33195224
24.91523953
20.344787
20.27635532
11.68318351
9.74424085
18.26035142
23.79821719
20.88049663
16.21538074
19.77422062
14.05549971
16.47980088
18.32636845
17.30256972
19.17123473
23.37821224
21.564001
20.34082877
22.41343481
23.21648926
21.67445213
18.15556006
21.81109884
22.27906284
20.02877906
17.20795148
22.98768861
18.01356501
21.23960272
20.08739868
16.3451581
17.23521222
14.20231053
16.48256306
19.72574254
25.03728098
24.87931312
17.13419403
17.0858017
22.52301035
20.6001443
15.37723937
22.23997707
19.49221188
15.96553877
20.7653155
18.29746033
20.70011088
16.62334402
16.62646727
18.18767718
21.81276428
21.52570959
20.35208963
17.77035317
23.75857177
16.72122091
18.19415838
26.50455869
19.39985033
18.57111031
19.90814126
25.46413722
16.20555965
17.23639472
21.7047278
21.34349141
15.02415864
24.00920809
22.50511033
19.30959201
22.74569087
20.65897605
17.36913286
25.09841003
14.75095548
21.87329756
16.06962605
18.5439263
18.36554448
22.79213342
22.37216909
21.4369813
19.9841238
20.10987073
13.41671379
16.35322801
19.83421682
15.66712394
16.31895349
19.30711869
24.11667137
22.62740454
9.883758065
20.5163762
24.51592385
22.5729643
16.22223203
21.23738665
13.51245134
24.80677428
10.30462055
15.26186867
23.38504999
26.3248725
23.78325086
28.00763643
18.67752649
19.69156733
20.83595872
12.1477354
22.3811191
22.77229266
14.49206872
28.94518922
20.57994698
20.96489661
14.38802657
31.21169404
27.42389553
21.47110236
12.81733859
22.56117538
16.19177582
16.23347031
16.06912055
14.01255051
21.06031822
14.08149671
19.56738653
19.61699295
25.89617481
22.14922228
17.79771321
25.11724883
18.23800123
21.34476869
18.57765018
22.11218107
17.58820269
22.4818033
19.30866226
23.48969242
21.19189642
22.98333772
23.26341022
15.09151613
25.88474696
25.23556224
24.11160737
18.10747464
24.9541267
16.76896331
21.85787538
23.89780915
23.25382383
21.92310257
13.36988309
18.89504824
24.75625164
24.93048568
23.14590019
20.75515591
22.30169286
21.28080525
23.40648397
17.84712104
13.31691421
21.88000894
24.40161831
16.75512532
21.01784292
18.52455944
18.32636845
13.55301749
16.39943586
20.47364364
24.79758506
15.24137799
19.9901988
15.24971869
21.26399295
20.75177088
15.12765015
19.89810805
18.90522137
14.27990434
25.17034408
27.88140657
23.74790217
18.11918232
20.40627712
11.78937402
27.33897201
23.25882464
15.97387947
21.43794265
23.96701713
22.07806904
27.94033309
18.24613432
25.59648721
13.69322073
25.60838445
24.19238762
26.81101634
12.44908391
24.59978222
26.8909571
26.07196145
20.53225423
24.69518578
20.41206777
21.99800642
15.75386183
22.94277157
17.77323721
30.25110502
16.98681453
19.74739768
19.26555508
21.73376681
20.76100523
21.54581213
19.35693724
18.52587283
18.61386996
23.15364513
18.98000787
22.21823167
19.44391885
19.13592666
26.61876494
21.25353548
17.029177
21.06532355
19.30122874
30.21167624
25.36885101
19.39491722
14.29851747
13.42046891
18.50219119
20.2486974
15.77811667
18.82936971
17.97756187
17.92129372
20.71362841
24.58250505
19.44299813
17.14182162
11.60692565
23.02660286
23.13286558
20.98294105
17.27212254
23.2596551
25.47171968
25.55794305
16.62736092
22.69283031
22.68606929
25.14436514
15.07057411
20.89257441
14.24049362
22.94905418
25.24819967
16.33612234
23.0365774
24.4722164
14.76521772
24.27067649
24.37820296
21.21651684
20.72469519
13.33772986
17.08782369
19.10587214
19.56738653
25.2152882
18.00868154
22.37073836
19.53611341
18.99042923
19.84852419
12.23821939
22.6389407
22.05403536
20.2152714
21.68464331
31.01267259
18.32334901
22.75973647
18.1153956
19.86647385
27.49842026
18.90903065
18.42913783
23.35690914
17.30412683
21.09663278
19.83026311
18.78902472
20.29915685
24.1247864
16.00865045
14.81940521
14.54994814
10.04190646
14.60510149
16.90142162
20.19582782
23.3276535
17.25879908
12.32480383
23.32554124
14.9078311
24.89628338
18.75369408
28.43247068
21.21020264
24.69399425
19.32662546
24.37169468
20.01541498
23.00433391
25.82224585
19.82203975
18.45895765
11.46704737
17.40863385
29.08499529
17.84676448
23.91705415
19.43098354
22.69170197
19.70011564
25.31943866
21.84080583
25.28076813
21.4582167
21.21272561
17.83354934
21.6328118
18.01112327
24.75564685
22.69809741
17.74939309
28.58408372
19.03110821
22.41019421
15.61404674
14.27546319
17.27955606
22.65311719
23.07705328
25.60202963
22.05677949
19.68851178
18.11986835
20.42760729
17.74975416
14.47306744
17.19010563
21.37095074
23.44184169
26.66837587
22.77991574
17.68758704
19.33622088
25.08903125
27.22512683
10.3974876
20.46510435
17.4992713
23.56596833
21.25955631
20.2395804
17.26938293
16.446077
18.98727439
13.3813651
20.58025389
15.50540998
16.22516572
16.50733242
24.69518578
20.4602254
24.70706497
22.98966997
17.33672688
17.17498584
26.96154617
18.93093402
22.76391585
23.73957049
18.28398342
20.27270852
22.83586795
18.02262333
17.4603751
12.99305301
12.38986853
22.67294441
25.98398689
22.15060788
24.59401414
8.478187118
26.2012604
23.33146278
23.48795026
24.41748731
19.79920211
21.32659787
22.91848966
19.9984041
20.76131665
25.97037457
19.26338415
21.57473379
15.61864134
28.0053978
21.11858579
20.29490075
11.74539577
18.87563173
18.93124996
21.45982345
29.2114418
19.14530995
23.89780915
22.00175251
23.20658241
24.3409406
27.7743856
22.78640144
15.3493919
16.87952276
12.60275505
23.13205318
24.64685664
15.93037963
19.00179389
22.42964683
17.86778324
16.52057464
19.33219495
17.82997476
18.65937824
19.9488744
21.11325551
21.39655056
18.44869425
20.86440197
11.08720236
29.26293029
20.30645497
14.63971
22.95337799
20.94344908
15.77041687
16.23689145
18.26271643
22.44445519
21.59851472
23.15527897
18.0874714
20.45168611
16.45626818
19.78579741
23.2755241
16.97068375
19.45192557
23.32976575
21.19757424
16.54014461
23.58691035
14.39400227
22.84936292
14.83920084
12.61174568
21.42252499
18.30587325
13.38517438
14.39145673
15.09487408
15.21429778
28.7557
21.98168157
15.13960155
18.28128442
21.24339846
16.63936648
23.19134077
20.3700438
23.0182441
12.99906482
19.87620919
17.41053849
21.85486045
21.58157154
16.08181214
18.6781719
25.83686916
13.1389431
22.45277784
22.42279554
22.30523134
25.53382362
25.69560076
15.7277836
12.8928021
19.84943589
26.05038755
15.88902816
19.9816911
23.67259212
18.87117252
22.01777948
18.9226881
15.50422748
23.86720852
16.07115157
22.13085287
19.89415434
20.29672415
25.23485816
22.26036847
20.60075812
19.18184566
21.99460334
22.95259266
26.40826148
17.17538302
15.33257509
13.59871082
20.22103949
22.38004492
21.59558103
23.27510887
18.90267583
21.36552115
14.91781467
22.90288243
30.30800955
22.6467714
17.62076212
20.88606613
26.40076929
20.11412233
22.04375842
21.01472418
24.61366534
19.30246992
10.36708556
23.97972677
17.23481504
25.81367948
13.86263449
26.70323713
16.63358936
23.58245114
15.92404287
19.62464311
19.20678201
26.10131639
20.88296996
17.58671328
14.60271844
18.36921836
27.21451139
26.2012604
25.16554186
18.83895611
18.31999106
19.59036409
17.98561823
16.43167033
20.66296586
27.56853993
22.7540406
24.29501257
17.03327513
20.5704644
18.6992042
23.88056809
17.8331973
14.25578491
21.10948685
23.80901316
22.9435569
19.60536201
18.78870427
22.1832982
23.91608829
19.15124954
17.8915732
23.30825504
19.41711848
23.00592261
18.98569471
25.31008697
25.26373468
22.31977792
13.95987048
21.51923742
21.89479924
23.64399542
20.05125563
16.11110389
20.46693677
18.5439263
19.34364085
15.0460936
20.51790172
22.43289645
19.43314093
23.24259457
13.43541718
19.77452753
21.33105708
18.33441578
26.30934652
21.96064025
25.29503037
24.75505109
20.99633221
18.2870164
22.49380886
21.12706641
20.23653839
18.01809643
19.84669628
20.68997385
18.62754095
22.11045245
18.75755301
16.26555133
15.82017223
14.9784292
15.19936756
18.7761887
18.94393252
19.37114532
14.37603907
16.56413767
14.24139629
15.34566385
18.37722959
23.44097513
11.12670336
15.53554122
17.45696299
23.80901316
21.87329756
21.63673843
11.62779546
25.93883516
25.81796718
26.24514838
23.15242652
19.64696171
23.71238197
15.56073484
23.27175995
16.6782717
24.47444601
20.07585348
17.10723117
29.08896706
24.84006488
14.44389304
14.03995568
17.84783415
26.15906944
26.88178594
22.26072051
18.41519152
18.85331764
17.56478283
22.31161324
16.22565316
20.63138583
16.37450402
18.60343956
28.82235341
16.66813468
25.22436006
18.40887732
16.92656559
8.314117184
11.38782874
19.16686579
22.34930889
20.06856891
13.38645617
16.54014461
20.04153384
21.44791719
23.02461698
26.52696305
19.2456737
17.01728879
13.78312701
22.09286837
16.12415655
21.96165576
22.33363847
17.23481504
13.78529343
16.62690958
17.07850359
21.41129573
26.74725148
22.1832982
23.10448553
22.0526633
22.95376614
25.13552797
20.14722788
25.09841003
24.60093764
21.49304184
18.4952722
19.88502831
12.6045604
24.30990668
18.95184897
25.89882867
25.74189888
20.27362022
16.55555324
22.80246001
13.14461189
21.27604816
24.60267078
22.57112284
12.1768737
22.9553413
20.17851003
19.90479686
15.72945354
19.06696692
21.0625072
20.61606746
11.93571545
15.78141143
15.47202009
25.9986102
19.01409282
18.39123457
14.02042182
15.82504667
23.93250792
18.09610096
22.79480985
22.98888014
18.3387757
18.65191313
10.77733261
22.01163679
22.46654812
12.76444192
19.65888152
22.96597028
22.62665532
22.22944287
25.03399525
18.36721443
22.1242769
29.36157445
16.4880784
16.29786704
21.56692566
13.03044175
20.15178186
18.56522037
8.15582436
16.89763941
19.47376575
21.73443027
18.94900103
16.84819096
22.29673718
25.60998218
23.47223471
15.84290155
14.91424911
26.69356047
23.76507102
21.34062091
18.0967915
20.40323511
25.87335522
18.54589413
18.22307101
11.71456044
21.77982572
17.60931171
11.91802305
13.02746293
23.04777055
23.70640627
21.16951915
26.09561149
26.03827367
18.11780123
21.1991494
18.02297538
18.18222052
25.50375556
28.01644652
18.65905328
20.51057201
18.86639287
15.25931411
19.90053624
17.63293016
25.93704787
17.59672393
21.30940646
8.007352624
19.36126104
16.78362273
26.45265496
18.44074621
17.90361937
20.53897915
19.5741295
17.48494587
17.28775684
21.98440313
23.57086082
21.41354338
18.71373724
22.01914703
18.19654144
21.44952395
20.74992491
14.92065809
14.73434629
16.11864122
25.25101601
12.44713414
19.27921253
26.12041696
24.50073186
19.73733287
19.98959401
20.0661362
15.28982447
16.40178281
17.58411809
21.50952466
22.1832982
15.95717098
23.67577856
20.56251184
18.48340204
26.11754646
25.15801356
17.15703167
22.44373305
24.1070579
10.78209872
19.39954342
19.07167887
18.61875793
22.88654404
21.72385996
18.20028753
22.0246082
23.48576127
20.213448
19.99323629
25.30649432
15.74057448
25.86985285
24.12884843
20.04457585
10.9843698
20.50385612
23.33527206
23.18025143
17.79483819
23.28347666
20.42425386
15.66994931
19.46484734
25.74856964
