15.59639628
17.02958508
15.41577834
14.5448104
14.67596713
15.48203088
15.02184219
16.90977789
17.09241047
14.0015272
17.04118673
15.941515
16.90754039
14.56166814
13.44536828
17.89418944
16.68556934
16.52837756
15.96028159
14.21484766
15.75598088
16.64929674
16.78648615
14.67481687
15.50293929
16.16220523
14.98614134
14.67917931
16.32128561
15.67355604
16.07567344
14.7023072
15.37702176
15.02786924
15.14255654
16.21360118
17.42237997
14.88492515
13.64876858
16.86258118
17.48985593
17.77322974
16.34607812
16.65953203
16.51705728
18.07893346
16.14180105
14.62283679
15.97754225
14.26354353
14.93567281
15.03572636
14.89717959
16.32701215
16.57924114
16.01544007
15.76953865
16.25114672
16.85821199
16.63488809
17.38838988
15.90843882
15.36873921
17.40387676
15.24475191
14.58891873
16.55557863
14.05902222
16.57659621
16.92925804
15.93222063
15.89534363
16.27149351
16.63022402
14.98123754
16.38403897
16.13602836
15.95938344
16.55361126
15.55451306
16.26975461
14.5870414
14.80664665
14.51314334
16.8589098
13.52812402
17.69493098
14.20973564
15.5224487
16.11382113
16.54395447
15.26194617
15.20818442
17.55468471
16.65638064
14.42322717
15.75359595
14.49661651
15.36222594
13.18380215
15.28759968
17.76276709
16.60478098
14.59253609
15.04941693
16.81598325
17.33051218
13.45379602
14.02976824
16.76233743
15.15122513
15.22656946
14.80252957
14.52737866
15.41884983
14.60589802
14.74220954
16.68486253
16.20101134
15.3080275
15.59465513
16.52945804
15.78514483
15.47883333
13.19498511
15.85945032
14.68238248
15.43586401
16.84063619
16.62412832
15.36594909
16.23729857
15.13904723
15.57950703
16.36740634
15.24603498
14.91493885
15.23808782
15.08372554
15.33287628
15.62056639
18.2083029
15.71954508
17.3388859
16.20110363
14.73012168
16.16969431
14.63114298
17.21587779
14.44891558
17.03491545
15.19572064
15.97139364
15.34940537
15.72314105
14.41463961
14.58766718
14.28966863
17.09216736
15.58776257
16.76249275
17.46559916
14.3554901
16.19035173
15.74998197
13.65129871
17.74587559
16.81979194
17.12560371
15.73547428
16.04288989
14.28842607
16.80810025
16.46840193
14.9732161
14.93922601
16.01727576
15.55345171
16.42452545
14.92052696
14.45918239
14.47767435
16.43250749
15.55314895
15.74675516
16.23239815
14.20039849
15.94337658
14.70656272
15.64756825
14.25078486
15.98584844
16.13151061
14.68032507
16.00470281
16.08548442
14.56820054
16.00661391
15.29818388
14.61470843
15.17291576
16.45623528
15.2005344
15.65106067
14.55651335
16.10499609
15.941515
18.17160261
13.81853896
14.86176912
15.05308494
16.37188133
16.64983923
16.26243661
13.20586194
14.45572485
15.70052413
14.68739771
15.28166155
15.83025035
15.93892523
15.6552374
13.36971669
13.91119459
14.82490901
14.77659356
14.62223353
15.97057428
15.02937291
14.01461901
15.17596362
15.28870717
14.19678789
15.50597814
15.58102195
15.35306099
15.35422701
15.70006606
14.90618134
16.09716711
15.59457972
16.01327236
16.21109356
15.40709624
15.40032523
15.308579
15.80204308
15.23197186
15.72352372
14.2886039
15.80553888
16.5648505
14.79404781
14.95205896
15.53905432
15.78235922
16.95046245
16.43867073
15.81698071
16.86030542
15.16267484
15.22923127
15.83275347
15.68154708
15.4561185
17.00631875
14.79902026
16.18596228
17.16936314
16.33458452
14.09917105
16.03681556
15.33389148
14.08345007
15.7377748
14.40274533
14.98005464
17.53090515
12.96433871
14.12530515
14.78121711
16.77260199
16.23720516
15.5706471
16.27594598
15.36463113
16.05883259
17.34479252
17.18862269
16.29144862
16.56721405
13.51430288
16.46421957
14.99464112
15.13285023
15.33748295
15.30645518
15.8204889
15.54845224
16.28714245
14.71247159
15.17876048
15.548755
13.54844604
16.12260115
16.17032684
14.40166935
14.08629533
17.84376706
17.40927015
14.40657653
16.9221989
16.33448322
17.80899362
16.4013289
17.64569712
15.02477074
14.75760188
14.77953787
16.01752675
14.44935227
16.82796306
16.10482276
16.65556127
15.31745356
13.74018617
14.21072157
15.63353102
15.58965679
17.064318
14.80077604
14.05307959
16.19245979
16.18888746
15.06474174
15.82228294
14.07123164
17.61279651
15.95970983
16.32933068
15.14439335
15.22939334
14.74675206
15.13846197
14.69938653
16.68585072
15.81028286
17.90598468
17.38002517
15.28221529
13.96079762
17.38959642
16.97374229
13.98317255
16.75311733
15.75605742
16.91314538
15.28728342
16.59077751
14.83881343
13.89627047
15.37555186
14.76442691
15.48568313
15.10184721
17.29241627
16.12418585
14.03259999
16.29144862
14.73340138
15.10830533
13.67063029
14.7609131
16.04881227
17.01405769
15.67690327
13.61842511
13.61788487
16.7981891
15.57806864
14.3937886
14.85633971
15.86434062
16.80093757
15.46107745
14.39285669
17.89186641
15.74767694
15.1910622
15.89279437
18.06632787
15.91444561
17.00760182
15.74015298
14.62247438
14.19255601
16.56063663
15.76206196
15.10354897
16.56510036
16.27837256
16.30851794
14.68238248
16.75281345
16.03126347
17.72878601
15.27507625
15.70235532
15.65007361
17.69493098
15.2177568
16.29370637
14.80252957
15.75144287
16.11171982
14.97147833
15.5840518
18.02908733
15.68588701
15.71396373
16.59384337
15.76429607
15.0934915
15.91124019
16.14242345
16.94143819
16.15143645
15.10218824
15.23100506
15.97352309
14.47739297
14.57087923
15.98609492
14.44337137
14.79746933
16.0525433
17.38758852
16.6385032
13.92083337
14.52270334
15.82282881
15.0820069
15.73432402
15.13016478
16.8636324
16.20378007
15.67979581
16.1146101
15.59124599
15.90883837
17.3276219
15.61442791
16.12674186
15.79536887
17.91444844
16.83961424
15.9306877
13.92391274
15.28506731
16.57873691
14.29566529
16.46162642
15.77864844
18.21608235
16.17485698
16.16788676
15.0296374
14.00449402
15.46092551
15.37508815
16.50339596
16.77072465
16.35366174
15.79591136
17.6503972
18.90153868
17.3879937
15.85527697
16.22189499
15.79304359
15.71174762
18.88136972
15.76591454
16.13469802
15.30385752
15.6913727
15.90747764
16.79754306
15.7712359
15.74498925
15.8077156
15.9008462
15.363778
14.71635456
15.53056355
14.52350694
16.74596591
13.98122318
14.70095998
16.87423911
16.00860942
15.10643813
13.37517311
14.4369065
15.04670448
15.43678242
18.94706289
16.79335845
15.2093223
15.82485921
15.16201192
14.16218102
15.31666909
14.34862455
15.87453652
16.08608882
15.58056838
16.67294349
14.85525023
16.58619673
14.0954479
14.3677648
16.03900804
16.88897865
16.55115767
15.48530271
14.08178883
14.56423653
16.0964738
15.92102753
15.82275115
15.37044321
15.0657817
16.1955808
15.11575839
17.78392649
18.74191581
15.65333981
16.87762911
15.27118314
14.63652287
15.93189761
16.27420146
14.44804219
15.41961629
17.82158121
14.84700707
15.03317035
16.44076866
15.56473935
14.7769087
16.34843041
15.06924599
15.19572064
16.78410459
14.76708309
13.9375628
16.52049906
17.46513995
15.23487002
15.36556079
13.55401051
14.37494549
14.03234338
14.74998449
15.27872737
16.63971199
15.28657097
15.37292156
15.66009956
16.81203049
14.4461491
16.02891231
14.75770992
16.59602009
15.49587227
16.20257916
16.13186514
15.4789864
15.84592181
14.86992224
16.89847787
15.26704581
15.5759482
14.48622139
17.66478559
15.24667651
15.13787671
16.78046248
13.69066418
14.88899046
16.83250108
16.93910391
16.3898443
14.85614163
15.78553088
15.24403046
15.58511202
14.54284528
12.9692729
16.17676245
14.62247438
14.09241355
14.18849971
15.01454783
15.0367832
16.60789186
15.84647106
13.31416203
15.26513471
14.94239767
13.74485024
16.68260703
14.40794964
17.27872119
15.77509524
14.1040197
16.2239524
14.65014817
15.21864707
15.19155291
15.13494591
15.13837868
15.97262156
16.23739312
15.7498289
15.23832981
13.46506902
17.30161836
16.70687731
14.38896246
15.12006455
16.28567705
14.67493167
15.41155434
15.49313618
15.75490378
15.42253246
15.37849053
16.55866025
15.92512998
14.36487451
15.55625533
14.87929428
17.08973628
15.99732516
15.781586
15.28538357
14.95963357
15.30771349
14.96184405
15.99401731
15.7782624
15.63474543
14.20696691
15.1109345
14.36808444
17.90004204
16.49605095
16.02404902
15.034934
16.40475267
14.26041914
15.79870485
13.39636852
15.20257043
16.88103263
16.37302934
14.94946356
16.10621725
15.86520838
14.87109727
15.9363377
14.1661833
16.95243883
14.67826315
16.55066695
15.87018533
15.01062096
14.01382666
15.69335583
16.17077929
15.61162429
16.78871914
16.79480584
17.15416439
16.30980777
15.20444326
16.66794177
16.20886845
16.50140833
14.53494652
16.54103718
14.38943067
16.47237494
16.55459495
15.90451983
15.55564869
15.07908286
16.55841264
14.89621842
16.05279766
16.83435815
15.97787089
16.12665295
15.50111598
14.78874445
14.25580234
14.40182242
15.772008
15.59094436
15.64119342
15.28593844
15.7464479
16.06275271
17.40098647
16.22545156
15.46359519
14.0085098
12.8165651
15.6333802
15.62238632
15.56640621
15.08338226
14.80108668
14.71746205
15.41631633
16.77919966
15.35282802
15.42398999
15.2298773
16.05611113
15.72888335
15.59541259
14.52337188
16.19264325
14.69397288
15.60109299
17.24381269
15.53624958
15.53791757
16.04915104
14.27626843
15.56193686
16.90419766
16.32660923
15.50362359
14.34764086
16.26898252
15.43379646
13.49033424
15.04871687
14.92109421
14.11247896
16.67503467
15.10533401
14.81249025
17.03380345
15.57117721
15.1528875
16.46874183
14.08416589
16.11277104
16.03749086
15.34005697
16.51693798
15.90188391
16.75235425
14.09171124
15.46191707
15.89877078
14.56615663
16.39994003
15.82181473
15.07615431
15.45214774
16.91803455
14.86855138
15.44389557
16.41012243
16.12119315
16.53041696
14.48216734
13.83952277
16.7662114
14.61263301
16.71941537
15.84592181
16.35798591
16.26985028
17.31131566
15.71350452
17.33852124
14.99653421
16.71692126
15.45650004
14.47457247
16.55496186
13.78431476
15.07235687
13.14672369
15.79707513
15.88508245
14.67193784
14.15003913
15.62041444
16.41012243
15.99145568
16.5386151
16.69823347
14.35386037
16.47578971
15.64809948
14.17577706
15.03854236
16.49639986
16.84473526
15.84231121
15.24338893
16.82779424
13.11272459
15.92971977
14.70376472
16.12251336
15.88611566
13.25520385
15.10822092
16.9398805
14.92251234
14.92778981
15.46855077
17.58317336
15.11161205
14.84451521
14.86452435
16.97701524
15.55890701
14.63293928
15.93973446
14.67504647
16.32721362
15.90451983
16.62889593
14.79840011
15.07261573
14.62186886
16.36481094
13.45607403
15.42038388
14.82551678
14.26060372
14.69634543
14.50320968
14.0846386
17.21736345
16.20886845
14.8193254
14.83660745
15.28633349
14.96451149
15.41577834
15.1483945
15.29005102
16.00470281
17.39485475
16.179126
16.01944798
13.47678322
15.27237505
16.46681722
15.07882399
16.55459495
15.55905895
15.5583769
18.00556889
15.13737474
15.00945944
15.86686736
15.10201829
16.31428725
15.03131665
16.76527948
16.1128577
16.26628357
15.80149947
14.07268129
15.39130998
15.2334215
16.58746629
17.01125294
15.15047555
17.6510725
15.57284295
16.60335835
16.17576525
16.9012376
15.76961631
15.48796564
13.84763087
15.29976071
14.81698324
14.88966576
16.02070179
14.89727526
15.31957063
15.51068498
16.19126789
16.31508636
16.65966935
15.50134333
17.69716397
13.55154342
16.91973631
15.54117701
16.31179765
14.62585313
16.98091847
14.70868316
14.71391448
14.24460362
14.86521315
14.49482471
15.13796
16.47282964
15.38258735
14.42875338
16.37344577
13.72986759
15.39423965
16.59205383
15.21654238
14.8756893
15.99277701
16.32781801
13.61896535
16.40346735
15.72298798
15.86963271
14.70656272
15.43999572
15.8338497
15.08612848
15.07598098
15.52593775
15.35593777
17.20763013
16.267247
14.95548048
16.64145876
15.65204774
14.87656719
14.74123486
16.36688636
16.95880465
15.43104012
16.44675182
15.17365747
18.18582892
15.02219785
14.49371722
15.45901779
15.12014896
15.68847791
13.95236987
15.58155319
14.95548048
13.98677865
16.01177207
16.09899154
18.17628468
15.29936678
15.64043483
14.788848
14.90111209
14.73830406
15.93528761
15.70197378
14.87851656
13.82767801
14.63389595
14.9906681
16.10238267
17.34627818
16.27303994
15.71190069
15.2298773
15.9528713
15.0032782
15.69853988
16.58683151
15.17629226
14.372717
14.89746772
15.22592342
15.40286548
15.80134415
16.07876744
14.27734891
16.64834682
16.46998888
