48.19760686
42.64191077
42.42712041
36.39982726
54.26829969
43.71884208
56.75414297
39.98583136
50.9030556
47.84101868
41.52044651
49.72438485
39.86909862
45.02526974
38.73869584
48.31831404
44.99020736
40.35615186
44.16250097
45.60182517
49.00654769
53.74548175
42.02597267
50.9986977
41.23755318
42.82690609
40.2423135
41.34275098
45.7171054
46.98029299
50.69501169
44.93662948
41.02250743
49.89734509
42.62249079
46.4130964
47.92156108
52.71333878
47.56571245
47.42651106
56.2105962
41.19823436
40.25069868
52.1357618
46.95572272
48.40288409
39.98807663
44.12137316
53.1642868
48.44294247
48.57349797
47.14920963
50.19678531
40.36431358
42.59503678
61.69960991
44.50322328
49.08187595
37.20080324
44.36799102
46.82083629
44.47588633
45.54238405
53.00426612
43.0895707
36.20151995
43.34881953
37.99190429
44.11040752
41.89285266
46.13751882
48.89514614
48.43781878
49.56136338
47.98574812
34.8685747
45.96398396
47.35558821
46.15732189
51.69751923
48.47119455
49.34164619
49.61022726
43.44179604
40.75151085
49.24678089
42.40618407
40.23390704
39.79367459
45.14647705
46.04404219
43.85305813
53.32260491
52.64825788
43.71649572
45.05993841
44.89311807
39.94228803
52.8164722
40.40955948
43.61456474
45.52733756
52.46999838
49.98493189
41.20950327
45.97833879
42.39066404
42.85737684
46.26150346
44.22042041
39.43762379
43.91960217
51.32968874
42.52011288
32.15518238
46.23263419
36.72416763
41.36952396
46.95832979
41.82864434
47.34832566
45.73858443
43.99457396
38.66080308
49.06972915
50.17735468
49.27856582
39.31505973
45.18715793
48.52670911
45.09998614
39.86370359
51.90497789
57.96722701
44.31957407
44.34492114
53.63317571
48.52238883
52.11344744
46.2596998
44.57837597
35.20270486
49.21517154
52.82338891
38.50237856
45.33699509
46.16992094
53.2994499
50.1910604
45.8127209
38.53106693
44.09603141
51.70575544
45.58069729
37.80936706
41.95831664
43.07623742
47.25125234
45.30038443
40.62434984
49.05108065
52.55470144
53.55038804
52.94957093
45.38148016
50.81152096
49.14486055
40.88840844
42.29214885
41.42643249
47.19409374
43.70322097
50.58091795
45.97367799
51.44321851
34.63021433
44.70485594
41.7621801
44.62465406
49.68537462
53.41152184
50.81348956
46.83043987
51.3185156
43.35003261
44.43369974
51.60249432
40.0991483
49.44549257
49.13212317
43.76828058
37.90988278
42.98020692
41.14664637
43.47418751
42.41575041
44.91270831
40.48413223
41.92936224
54.45583822
48.11341457
38.77693991
39.02479214
49.43408533
47.74608421
49.80273518
35.57629218
39.36494515
47.48547333
46.86334744
44.20577295
38.44651285
49.60460876
42.15099482
45.50226715
41.5689273
49.98657062
46.89334466
33.04290451
48.94763863
46.48099718
46.72912607
47.08082467
44.56145664
45.37072202
43.29650262
41.88888354
43.08082373
42.11962489
48.83044833
40.2395149
50.45453374
46.46028431
55.60592701
48.74095146
48.35964403
47.87700684
47.66258892
34.04384781
50.53942834
56.34680212
42.29539438
56.56166697
43.44539805
50.15174158
45.63798359
42.95063002
50.93874581
52.29912379
51.88498328
42.26379567
49.23622494
53.88100665
43.74962143
49.55579277
54.33925446
43.66250816
47.05834538
38.56175583
34.47459906
43.29528422
46.43740597
41.69594997
53.45417132
46.73611195
52.13388897
51.38829986
46.71149379
48.56263874
49.45096209
33.41985441
40.2951465
41.53788725
39.06173799
46.60418374
50.13418379
45.96685705
45.46966286
49.91246608
47.70464782
47.17069398
45.76651729
42.3691584
45.29571299
43.57233558
41.39507321
47.56337673
47.33992453
44.30763477
49.20323756
39.80857211
55.39378628
41.37333346
43.69775145
44.64079127
46.93119501
38.03138272
42.84537902
46.30050837
45.96613878
48.15664399
49.56288506
44.84009353
51.63551361
46.16992094
45.78012724
42.65204109
45.79194417
44.44295748
51.52161141
41.94557393
45.51265285
45.47432366
35.11842744
45.15763956
49.34311466
38.65531228
41.22466682
42.68541686
45.51910135
47.92679649
50.78340721
43.68014577
45.06752018
44.14138905
48.52627283
36.59447404
43.08206874
49.01811455
50.78666338
46.4033066
43.32654773
45.72605455
41.75306069
56.07856158
43.39481563
50.9932069
43.3960234
52.38444403
52.5314613
56.4514253
43.83954395
50.83190929
44.26502253
46.53486237
44.82736679
39.58027821
43.61889566
46.91708493
42.96331419
53.56079503
48.56350599
49.95756301
44.09451506
46.13824242
43.34437156
45.01587366
43.38756905
46.53996477
47.32008422
38.81054447
51.6680115
45.89692382
44.15157257
39.1617855
44.77894452
47.55988114
47.71883771
46.0138747
47.88942499
42.47738359
43.31965231
51.10436371
44.09451506
45.10070973
46.46391824
45.74324523
41.35970223
40.91780977
44.15609503
44.4976846
44.32964054
43.95140306
48.83089525
51.91284165
41.51249761
43.00084531
40.07805767
56.28465817
46.43305376
51.11140811
44.97030852
50.55795448
33.9723397
49.79902144
49.79955349
44.56660692
49.54113467
48.21296727
44.7384605
44.46960277
41.95978511
47.94573763
46.02392521
47.70267922
44.30165979
52.74245279
44.62979371
44.77348032
39.25621452
44.58756987
50.16823527
53.13849281
42.80278806
44.20201665
38.980472
46.85779279
47.09582329
52.10789279
38.99333708
47.14468716
50.90506677
37.31734444
47.42459034
45.8123591
41.86356839
46.90594903
44.12968385
45.49796815
46.24886717
47.87700684
41.40374569
51.56342024
52.01933766
45.42020308
40.47024561
30.59017629
48.6026652
46.29834291
44.9844186
30.38450534
44.2271775
44.67376268
42.97049693
48.90060502
47.06433631
41.74747412
44.4699752
38.98642037
44.16212853
46.38481771
38.2985166
34.16456032
45.80698535
44.89203268
43.96747111
57.00093109
52.98715525
50.47818888
45.1709622
43.91385066
50.06792173
44.58977257
48.34190533
54.26829969
41.52361755
47.38276023
43.34396719
46.16055678
47.58673392
50.18534614
43.71922516
44.93590588
48.09289855
45.84890059
53.75024896
44.30427218
36.37177735
43.16788911
46.43232485
37.92816417
46.40475911
40.42029634
46.60929678
49.96029777
48.0125211
48.58131917
50.25903567
48.97012325
37.68835661
42.8157223
40.43567271
39.09255458
47.77062788
59.25948074
53.42284396
39.36671158
50.67017539
55.2316161
51.95592741
57.70332802
43.31153848
46.55418127
52.96770334
45.35888381
39.23239976
50.09588651
48.77393351
44.7074098
56.22889887
44.64042415
46.56475319
48.98577629
48.20175156
43.42214727
49.99096538
49.30856837
45.77940897
51.12838064
45.63762179
49.91084863
49.02599428
44.30203223
39.92564536
49.00054612
37.71721524
50.2735714
54.2011757
42.82518755
40.6864938
38.70864541
44.96415265
39.36937185
48.59612625
50.8670036
42.38106578
44.16665099
56.29878954
42.57682456
41.63722181
45.30935487
52.16479069
46.62757817
46.74199115
56.20157256
48.5323276
46.70011315
47.0755733
47.31474771
54.75136252
39.53841617
52.06013559
48.09166951
48.86113722
45.46249609
49.05480503
46.02105212
49.58319889
46.84374123
58.57198132
38.2361811
47.79721996
42.84365516
38.50927399
46.7136965
51.6983386
38.87468895
44.38695344
52.86527223
42.72169765
45.41231804
45.69812702
41.44848083
40.28477144
40.00073952
52.3814326
37.15828145
54.26442633
41.71385892
45.18427952
41.14607175
59.11918863
51.42864022
49.84474619
45.24397602
38.75787108
47.30141443
40.35819495
46.21244273
48.14716278
42.30095967
44.92322171
45.8102096
45.53593555
48.64422929
46.80275708
43.04155811
47.79006915
50.3723739
48.12410355
45.58499097
41.31417966
54.08459194
46.00633549
42.32776457
50.12684144
46.85816523
37.81813532
48.65608346
40.90882869
41.47525381
45.55885646
41.37116268
44.50875665
38.14143286
39.18983541
48.27551027
41.38476199
48.14633278
51.26093667
33.09636534
44.80079599
55.40625764
50.24166942
42.42257667
36.54965378
44.31882919
45.83887137
35.01644326
50.13418379
39.7763509
47.1971158
51.7065748
44.36650659
53.64234832
49.39555395
43.74066696
40.9470302
52.21405893
46.67480864
45.29822429
44.94387606
44.00487453
45.86430889
45.84997534
52.09404874
47.51215586
49.00609012
46.4428542
53.61642663
43.40527582
44.16777895
40.26672416
46.26727625
43.84881233
51.62178661
44.29941985
40.45499693
52.47101992
53.3960497
47.04599639
37.78882976
38.6739129
49.53506925
46.30231735
55.61622759
45.43812799
45.04586025
42.2236096
40.55286301
42.10339723
43.53231445
40.27505613
44.11381267
43.53588986
58.44769341
37.92114105
41.16825842
37.53604008
37.94631787
47.9239766
47.75122918
51.45475345
46.83080699
41.0996766
46.37105878
40.53464547
45.49975586
46.86186301
38.58540033
50.42377036
47.98696652
56.67837843
51.91284165
42.12057195
55.14623201
44.16928466
44.87896542
43.82409309
43.68405637
47.85779968
48.24543323
53.39745433
41.77432158
40.54376488
51.83076694
45.1115264
37.7323043
47.87620344
48.13891594
50.48000851
43.18066906
42.62647055
35.57263164
47.24290973
41.89235253
44.60813909
50.39800828
44.72458452
47.05422727
39.33027649
45.46070306
44.61070891
41.33727082
38.11793733
51.98346655
43.83066396
39.87140774
49.90003729
47.20618733
40.68712162
52.79350873
45.55025846
48.34950307
49.92546949
43.43538478
45.28458241
44.59601889
51.83162887
44.88259403
43.85498416
53.88939182
56.33709745
35.85666357
33.45220332
38.91335866
45.84102087
45.90194642
41.38801817
48.12163481
46.36924448
45.24973285
46.53158492
45.10467354
47.77419797
45.80985312
48.89560371
45.09890607
45.55885646
42.82905559
50.87965585
50.79253726
42.37281894
44.30539482
45.59608963
51.94974494
50.07349766
52.20929172
46.97805837
47.48354197
47.14657064
46.74346494
35.90433564
43.162526
47.5474417
51.06233141
41.29264209
43.8093871
43.23610913
45.61829226
49.98986935
43.63306427
41.63462538
43.98847661
43.43899211
45.04225292
45.25871393
45.08808408
39.01204411
50.23820042
56.58882303
48.34105937
37.58247778
50.23184769
49.44549257
45.43955922
46.33015444
53.18116357
42.59148798
44.68217978
46.73059454
49.71447799
43.60273717
46.86778477
47.92075767
54.35530122
43.57510227
48.03122813
46.28641957
48.56784756
46.07206549
48.98300961
48.34443791
50.50441916
42.44300755
49.43358519
39.90662974
43.8105523
44.457025
44.54636225
37.10362882
42.84923109
45.20046993
50.32859647
44.3445487
47.48122221
48.46134091
47.75716159
46.52757855
44.30875208
47.68458405
44.18471956
54.00091043
45.16808378
45.96542051
41.81059173
44.22004797
40.598077
48.96461116
45.08123122
45.09529874
46.1677608
46.09939181
46.77732488
42.86208552
42.76430457
52.10420033
44.4296242
42.80839059
44.89094197
50.849084
45.01515007
47.68732945
51.24996571
49.61841025
41.75203915
45.52375683
49.99316809
48.95130448
38.7183288
45.32335854
48.12450791
51.76897414
45.86215939
49.84741711
46.77327063
45.62151118
49.58166658
40.99493638
51.19122691
56.68978567
42.95697211
48.33894711
45.57210461
44.64298865
52.62867828
52.91843511
45.77404054
47.95380357
55.14065608
47.53153328
44.5260963
37.66841521
43.12322314
38.16348119
47.96754122
41.5505395
45.81379565
45.07113283
42.7616975
44.32106382
44.87387898
41.86306826
42.71078521
39.40015651
48.34907743
49.03527863
46.95795735
43.31153848
44.90073709
40.0991483
41.19597845
43.73053664
45.40299644
48.43014124
48.14221468
37.99601175
44.05014704
41.45384394
44.51097532
43.56916986
45.56816741
47.41575292
43.89348894
51.3468741
43.64209856
43.22627676
47.0841979
39.31146305
47.38620794
52.10696702
43.35609803
51.32520885
41.48111705
49.19275609
43.96402871
47.24063785
34.72572873
53.99388731
43.27043728
49.70874245
50.02237788
44.17230141
51.37468991
44.5791102
45.51014688
44.21892002
48.10766306
40.04291015
40.6808221
45.83242287
47.88301373
51.17112589
37.89575142
40.98492311
49.34994624
40.51109674
46.8500248
46.20450979
45.79588669
42.28147584
47.08682093
38.35108357
47.89704933
43.41250644
44.51576913
41.56473471
41.21568575
41.98079061
46.65868739
39.35964589
51.3521308
47.0980792
43.61259082
39.28982971
50.07573229
39.04137095
52.01933766
40.23740796
44.69864154
38.18919006
41.21344048
45.27021163
56.43107954
47.77538445
52.10143365
47.33763137
46.97023717
43.28673942
49.4197305
53.75505873
39.85907472
47.53657715
47.12287293
46.65649001
45.9184401
45.8041229
49.91516891
45.75899404
49.53659093
49.76157545
49.39211687
43.93992133
54.63605569
41.00316194
54.98444491
44.91270831
47.85739532
45.8166581
45.83744014
