27.71639603
31.95324685
23.39297722
23.63377993
23.79431506
22.79246061
24.20516758
27.17672768
26.40377979
24.33714197
24.9664923
27.17381423
24.98476962
23.56208002
25.40016222
22.12927412
25.07923122
24.718626
27.57873957
25.051974
24.78430402
27.97669603
24.89350836
27.08462525
27.12821284
28.55864565
28.40839394
25.41252908
29.81180906
22.25321006
24.64673948
23.44461162
20.91769007
22.24589022
24.202204
29.34600203
23.64132816
23.72707726
26.66564793
21.20854511
30.40268845
25.61518394
24.75735041
28.62529296
25.94643737
28.7419759
24.12670212
22.34388361
22.15889887
25.51864449
27.50376691
26.02331241
26.95804326
27.55059662
25.24879638
24.25504723
24.13679615
23.25702538
24.42455669
29.17526145
29.53677468
22.42857428
26.81111723
21.93439033
26.97593342
23.40374251
28.45247453
27.04202924
24.74822011
25.24860698
26.93272742
24.03857715
26.23211449
21.58057574
25.09813245
26.11816395
25.71714364
26.34383954
25.69901673
20.4813518
24.29427578
20.09029182
24.18736934
24.51414118
27.8540302
27.03151184
26.97800292
27.55719228
24.93406552
26.58299612
24.5626588
22.6529157
24.22205781
22.41951639
27.55169404
25.67939688
21.65872089
23.43061814
25.61800547
22.74961113
25.28183872
27.72721981
26.4600072
20.28628975
24.15862476
22.05902816
24.17674053
31.23984649
23.87406456
27.92598078
23.67809449
22.07613564
26.37860043
26.01654406
24.95734528
26.49338656
22.30578033
27.01800579
23.52601003
25.09303251
26.72176114
28.4044332
26.58404898
22.67958242
22.63697248
22.14118418
28.89641674
21.55945182
28.66155793
26.37313005
27.93361815
25.57421177
25.54829708
25.20650954
23.90542178
22.97857619
25.23282532
25.08736159
26.81133727
21.28477396
29.6697128
22.0243007
28.71430646
29.48954667
24.61203709
26.28425303
24.03397021
24.78217603
23.28527975
21.12543094
25.16547888
28.10856457
25.45076605
29.94319853
21.6964008
28.63506946
27.18256572
23.36814881
28.00608123
25.26531895
29.5920133
26.96904252
25.30323004
23.55010312
27.80066333
26.73389124
27.94767291
21.30245522
24.68618808
26.25694011
25.13173742
26.64219547
22.7377512
22.0393359
26.19098913
26.53300506
25.7417158
23.06626387
21.41991805
24.17716947
21.68334319
20.67634701
25.58397991
22.17465268
30.22371444
26.97547384
24.1322867
24.24959913
28.18089396
27.07564257
29.14741932
21.62137522
26.50104064
24.27657781
22.44618869
25.09775643
19.78448514
20.07233203
23.70971352
24.88890979
21.92048597
27.43070498
24.34971216
27.06974325
25.96719084
26.95301017
30.25907696
26.88010144
21.44858464
28.21094764
28.73914044
21.76696986
29.43724936
23.7791406
20.72273943
25.88116043
20.96223303
26.52967381
23.50275255
22.78548615
24.62743438
23.36894541
20.66783505
25.28690524
24.13078541
28.8370837
25.09265371
24.3199955
28.9046836
20.4569969
27.65294627
24.8658807
24.5765743
26.91684269
23.26611112
29.39936891
24.6955802
21.93695283
22.13477793
30.04235619
25.44476646
22.1826967
22.19338122
23.8380837
24.56465031
24.93979215
22.17016273
22.98623027
24.73440767
28.7222335
26.50787305
21.56588035
25.32911409
23.10856186
25.51695658
27.54045803
28.16003185
26.69200827
23.58318724
28.44236936
26.89448765
25.46988733
25.2747055
25.94778268
27.94767291
28.56120815
28.57368084
28.81282349
28.22286884
24.19330766
26.19848444
26.61758432
24.32661344
27.73543653
27.97086355
24.58530909
22.34879693
24.79881558
24.71940589
22.30536253
25.61104773
23.62181416
25.73869093
26.37353392
26.68578028
25.04932237
24.34724157
25.56369159
23.21311191
25.34767551
23.53783096
21.94563191
28.0727564
24.90768011
26.34504838
28.51296628
28.6098344
24.92183514
24.58967091
23.33131564
26.62329981
27.33557212
27.23186881
25.80766678
26.85281637
26.9306802
25.23470541
27.32080153
23.75332061
23.37768299
22.43602781
21.61142603
26.89313677
22.01061917
27.28996238
24.90480843
27.3279264
29.16612558
28.94347764
25.52558831
27.81913562
27.24077907
23.63012001
26.92613733
21.18304266
27.89349829
24.08393899
26.74431394
26.62139465
21.66355622
25.57684112
23.64351743
27.01893609
19.80520798
23.72897685
26.60638173
26.44666827
22.48515542
23.91310928
27.47127606
22.91991719
18.85997923
31.20544212
22.29529635
20.6444383
25.78849816
24.11744927
27.08675603
27.41966673
27.05961858
23.99893915
22.00520449
23.31650327
26.60068295
22.20399889
26.0449934
23.90451376
21.10626789
28.66517885
27.34887206
22.83159446
23.79594448
24.41642354
24.6709022
23.62205927
26.40133985
24.1400132
25.7417158
28.78453571
29.36725965
26.01983075
26.1870451
25.17338921
22.6827187
24.00910281
26.69028694
23.82724878
24.94685574
22.21631004
29.76644165
21.72859919
22.56243155
28.85361183
28.77199059
24.87835896
20.68719865
26.49896836
24.43937464
27.68649832
24.8643432
25.50064013
24.1903385
32.04389255
21.98341209
27.58317938
28.4695653
26.22933752
25.68505666
26.84724571
21.73149593
20.37470718
27.92375809
27.7931318
24.56783116
22.13890021
21.92048597
27.30989976
26.92795336
21.11326463
22.06235941
23.19822155
23.81104931
23.49411246
25.14475047
28.37109283
22.56206388
24.93502088
23.72114172
28.03950516
25.5691369
23.88158495
25.57251829
26.49028928
28.05993832
27.01266353
23.9927418
29.86068599
29.17403591
26.66628856
26.37070124
27.62939911
25.62195785
24.12433738
22.24156739
24.73226575
21.09305429
23.72161801
25.28521733
27.50917323
25.32329832
27.15274601
26.1117187
26.059154
27.09909503
22.80205884
24.19139971
27.15033391
23.49283957
29.17159596
25.09737762
25.9211271
26.10078908
25.04553154
22.32699338
25.17621353
24.95944263
26.49772889
23.78241614
28.06937501
25.92323559
25.2014291
22.47673259
25.01385122
26.50476741
28.05993832
26.24819418
26.76676089
25.82381611
24.84280147
22.75602295
23.40243062
26.36726136
26.02833993
26.91299616
25.00967323
25.28165211
20.59887034
24.747443
26.38529079
22.48706615
25.12041785
24.8059683
27.4946004
30.28051284
25.23376676
20.4813518
25.45920003
24.8171681
27.90952507
21.36161557
25.97257767
27.52926101
23.84084674
23.56108288
29.49705591
26.04383192
25.94970177
21.31387506
23.87725655
27.28543344
24.43369535
19.84549495
24.60452227
24.32123775
25.47269772
27.64838947
27.31775438
24.53215111
24.27073419
25.89300365
23.42333172
22.82244744
23.72423065
25.56763561
25.45732829
28.60719948
27.16604873
24.22248118
29.64612664
25.98894704
22.46325718
24.6532293
23.957811
25.35742416
26.56516167
24.97125521
23.94258919
27.95666395
22.84686919
25.9456714
25.79931358
24.83008924
22.29109051
23.41603416
23.46959044
20.34012456
23.60710206
28.82021018
27.32512436
23.63036511
27.24970883
28.40522424
26.00823822
20.9612526
24.6213178
28.47775974
26.82947532
25.9121277
18.77610745
23.06448683
25.36792206
23.35911878
22.33566689
26.07625034
21.83681473
24.95963204
26.09046108
24.33508083
27.86051444
24.48099578
31.1632834
22.93401095
22.74690379
22.17420146
19.09492718
31.92713162
23.18466257
26.25594853
23.98542196
26.83302383
26.07508608
27.87445779
24.82353258
25.46294908
25.54660639
28.87182787
26.53009161
23.69944681
25.33567632
22.29781986
22.97181899
29.09837527
24.30071825
27.86267586
23.56929402
27.11123906
23.00025718
24.18821608
23.4204684
26.62308813
26.17503198
25.08301369
24.43450588
24.24267481
25.77750168
24.69792545
26.44851215
27.47448476
23.77258672
25.36286112
29.67141742
25.86227313
25.13230285
27.80247379
25.53459327
27.25642704
23.53179794
24.45273864
27.24822146
29.64360871
28.52512144
25.2055681
25.29816353
22.40724424
23.33131564
25.61951234
26.4853314
25.43464458
27.16920172
26.97869089
28.90209881
24.93502088
22.52415558
28.29959905
23.54209251
24.02408509
24.9483821
26.96285352
29.98326269
23.35458984
29.09140081
24.22311066
24.45112036
25.32348773
25.76878361
27.19818584
26.71916521
23.17700849
25.17357583
23.86950219
21.74014158
22.06759583
21.68572743
25.91653131
25.40878003
24.50892983
24.70046567
26.7289055
24.83278822
23.2105884
22.56206388
23.56008573
25.28015082
26.05061697
24.56046953
27.5322636
24.88852541
29.14382068
24.56843
25.45076605
22.13432114
29.10362283
23.88499976
23.59430069
24.1903385
22.52715259
23.16648553
22.25492582
27.66551366
24.65578344
25.65621738
20.69198941
26.98583247
24.32351058
22.67049668
23.83509226
20.63320786
25.33417781
26.66073461
23.22289955
23.26968191
27.37461406
25.52089782
23.18296352
28.32873357
25.15455204
28.87284173
27.33123537
25.39266412
27.45185119
21.17721575
29.71988212
25.29572637
28.45774994
27.68505552
27.24946094
25.33286314
27.41232739
26.12090193
23.33077529
20.46421647
23.12482817
24.02848312
24.76996516
27.11028648
21.20609403
23.96562385
23.52298517
22.89433675
25.25311364
25.17922447
23.48697924
25.76063931
29.78200606
23.83278601
29.01220838
24.94284765
24.62388587
28.34903304
27.27014756
27.67153554
21.51499799
22.84038495
23.91807274
28.22867347
22.61624407
26.73801352
28.39574855
24.17567654
25.29403567
23.22596898
24.38766224
26.93795826
25.61480792
21.62817142
25.67223302
28.0690352
23.70517901
26.76916463
22.1010309
23.78825419
25.0661736
25.75799046
25.04193011
27.65066787
19.70859054
26.61906611
26.65689086
26.50062563
28.43431977
28.30750938
22.93245117
25.571017
25.73679691
24.81986709
25.51282872
24.02760296
27.85711634
25.71091007
28.88458467
30.20829487
27.60437015
23.78265011
26.69136207
26.46740781
25.85446028
27.11410237
21.07703309
25.91327526
26.02698626
26.4838886
24.75832249
30.82035388
26.55783626
24.64103235
28.68201337
21.91168434
28.40839394
23.15018579
26.09961924
25.26607099
26.75083996
21.76979975
26.69889081
25.57589968
27.36326106
25.84360308
26.56725902
19.83306125
24.76821876
25.51451942
26.21013825
25.27527092
21.99136699
23.37212626
24.58411697
27.59263835
25.8241977
27.43202523
28.11613509
23.55759565
25.02714002
24.94876369
25.89510378
24.02650554
26.17385101
27.99624345
21.96890053
23.39849774
23.49080349
22.65574002
26.81774353
30.03899152
26.53696023
22.70834371
25.99164602
25.55054763
28.74528487
24.97601533
26.39991654
26.20875394
24.20749055
24.17482701
23.04485027
25.93934035
23.55709429
25.12758729
24.37374118
25.07601416
29.45545426
22.67259682
24.85280916
28.29584442
26.99760326
23.98386774
30.57101136
24.60531331
28.12997817
25.11078898
27.62177845
28.1306745
23.86012678
30.48947925
29.67995166
25.82438989
27.55608929
24.130142
24.95181362
31.50750532
26.99922433
27.47983259
23.67641215
31.57622492
23.83739294
22.83746036
22.35329244
27.92122344
27.89224489
25.14946325
25.42640001
22.5038004
24.19945209
23.772116
25.20030105
24.90883045
22.86043931
25.82591068
28.02654225
26.99460068
23.02174877
22.9856175
24.71686846
25.40822018
29.63695734
23.30865979
23.24956628
29.72517424
23.91469135
24.24162474
23.28500678
23.34872394
26.98352622
25.61067171
22.68654574
23.75802782
21.84871365
27.43175784
24.90059702
25.99723617
23.31973982
26.6609463
26.50455851
26.45240883
24.73518756
23.09249052
23.61838821
25.35873605
29.58239835
26.36260987
24.52795362
23.13090018
24.95162422
25.46201321
25.23790018
24.31233306
28.33484458
23.92078007
23.01510855
22.62305699
24.68638305
25.19879697
24.10817691
23.2105884
20.81625959
25.44139343
29.37418955
27.62515984
26.95667009
25.67374266
25.2929104
29.22612153
23.29536263
26.55281988
25.7593135
23.37503971
22.18314236
25.04420294
24.23006284
25.60352456
22.44267918
28.98426597
25.72829052
26.97202839
26.79525479
25.71241972
22.86107993
24.47817425
23.99561904
26.96996167
25.71336673
24.2951086
26.20579036
25.78717234
25.71053127
27.22643742
24.74802513
26.22081998
23.325667
24.77190375
24.74083063
23.44202127
21.99136699
27.28443072
24.81967768
29.56334671
27.24300733
22.65679287
25.25461772
22.72889943
26.8821208
27.08226051
23.58664661
27.68620865
24.80867286
27.22052138
23.76249548
28.17309504
28.67107261
24.5217507
21.35499764
22.91110442
28.76959521
22.12236651
26.26370846
29.40008195
22.98958938
25.79950299
23.86950219
27.93808024
24.16886363
30.1905579
24.40624038
22.8949718
24.85742444
27.32258414
21.47058873
22.22637064
27.89224489
22.60400535
27.03968956
28.18658717
28.33178629
22.87296771
25.81697535
27.44761192
27.3756502
28.49797564
24.86972166
25.97007644
26.31929802
