274.4669249
233.5094909
244.8321581
229.2357907
239.1576322
230.3167691
217.2496754
242.745465
240.462109
222.4587503
239.6405978
243.2905395
253.8843233
237.2334749
242.7568532
250.9894616
231.934497
270.5987654
249.2829958
248.4566173
247.6733486
220.1414552
234.7859294
241.5313422
252.084196
256.2679933
256.0358315
244.4094786
230.7960137
237.5910385
246.4784505
245.2355189
257.5732782
218.9122045
209.1541954
263.8299561
257.3256315
263.6900652
240.1166665
227.0623705
229.94186
269.3050942
249.9925605
251.6401496
255.522084
232.7871097
234.2577869
226.5917704
256.3477108
243.5902601
229.775547
265.844054
250.7443707
238.4094114
261.81334
233.8066557
257.991485
233.4493927
222.3163788
237.7247843
250.6350551
269.3890588
248.002235
247.5409935
257.1189523
252.030149
217.1801434
250.6952848
250.271553
208.8756164
266.9375482
281.5818908
265.9544784
261.6637898
213.3246124
235.3297073
215.9841929
258.971097
266.1287218
256.1541863
218.3321948
233.4794606
260.1052956
261.6921663
221.9260599
247.0636093
259.6548034
245.6247478
246.5984966
256.7190117
237.8315065
235.2630881
273.424922
243.5459851
222.6379925
208.0120664
244.5261421
250.6588651
239.5033002
243.9445538
235.103841
262.6000288
271.3732392
202.7408638
250.4925896
254.8961456
226.1955131
256.4625701
245.7232201
236.6521873
253.6886565
250.5386123
292.1597763
255.4420658
233.0600699
247.4938809
255.7588686
231.9854621
258.4697525
252.4917476
271.5700336
253.2254982
249.6895513
240.1539695
227.3469631
223.6534229
225.2039867
256.578106
231.7343576
243.672477
254.1271028
250.9428563
230.5467133
233.9902953
235.8706851
214.2764116
232.3393236
244.5033281
244.2332808
257.8954557
241.0272163
248.8733959
244.8410469
252.6224114
226.1912284
244.4589215
221.5563376
243.8141907
255.1329678
240.4633869
258.8241402
272.7500481
245.1960172
243.5548363
265.591183
215.594513
243.3019089
237.2982148
229.1126251
252.3985559
259.14955
255.7015517
248.7113487
251.8686468
212.1447482
246.9986627
232.5019158
251.5480479
222.6325051
224.0963982
246.4036754
237.8488331
204.8543361
215.6097724
243.8698727
246.9986627
254.4200205
224.8431719
260.077558
233.7784107
233.4508961
254.8604399
233.3166993
234.6980372
248.2216743
247.1143301
211.1618288
257.1731121
236.5864889
236.9723164
227.9625281
236.5110937
260.4091317
217.0175513
244.987252
238.8743363
244.340999
250.1304406
237.5816611
236.9546703
235.267354
243.6686809
248.9445441
253.5405345
251.9980891
241.9337634
232.8102244
254.5365711
250.8512244
228.4450426
270.9653682
261.9186528
251.1282625
237.5736179
280.9020557
243.6712179
221.123172
242.0554632
255.7639426
247.1091246
230.8979627
254.1444106
238.2721327
212.8941905
243.5434481
276.4241945
261.5298373
261.9451125
250.1138657
265.4682805
250.9781485
228.4431634
248.7287317
251.8294834
268.471086
240.7999782
225.1627936
235.2716199
256.5132721
240.7501407
241.9489852
235.763136
254.4726393
243.893927
243.6231468
267.4529119
229.2303785
225.6721814
244.8041949
250.2812499
260.3700434
247.8849514
259.8890323
252.8299926
243.947072
265.4025821
250.4758644
228.8159301
263.4119372
243.4549357
244.7533802
233.3121704
248.8921883
225.433104
241.419452
253.0134819
248.2534711
235.6931342
220.2280507
244.5591416
243.2450055
250.5833195
235.4554851
230.6396983
242.6088252
254.0328587
240.5966065
249.5572338
245.0012524
244.9300291
229.0397856
253.1192833
259.8091644
235.620182
213.5356139
280.1103681
251.7440718
262.9134115
260.9153999
238.3540113
257.5751198
273.0102857
239.5901025
230.6784483
218.5954392
270.1155743
260.6922961
249.6745174
253.4928957
242.8061833
241.572009
247.3162172
230.1999929
231.9233343
219.7229101
246.4629655
234.6402693
237.1145939
234.7240084
232.8440696
218.1862903
258.5649925
270.5737339
231.2863835
232.1819558
242.2809912
257.6195076
256.5763395
240.7296757
249.2694652
232.0505967
233.1545018
253.0074308
228.6919001
252.1925344
254.9091499
230.8629148
223.6050512
244.9160475
246.7174151
230.9578918
235.8888198
236.9953747
244.0876206
226.5330628
254.2311941
232.0410877
223.9378276
232.4066757
240.6849121
222.4365376
214.815529
230.0513823
263.6383484
236.8064168
257.6918209
242.6708402
222.5610939
235.4060798
264.9553598
250.6462366
250.1014439
250.9484941
247.3945441
249.3317434
239.4202753
281.4886804
239.6949079
255.1937989
269.2874293
263.4628271
249.546353
273.9521625
243.6914573
290.0586318
259.8070973
270.8621601
244.6721029
293.1604358
248.136958
235.0353614
237.265873
281.3058676
255.9590081
259.891137
240.2387985
247.0740203
221.4246402
261.0168414
243.9837924
262.7673191
249.0386941
253.290971
228.8325426
249.1060462
225.9904125
242.5961779
224.5857532
282.1477686
232.282796
253.9186383
243.0249836
267.5686733
204.4324836
252.6343258
282.5452662
256.2420785
248.805029
249.1046932
254.5990748
225.5251494
260.9987631
235.9793242
255.1378914
232.8348425
257.4664996
230.3441685
264.335886
244.7838615
255.1444688
246.8689197
235.013938
273.923598
258.6313674
236.6220818
233.0249468
233.2879657
253.2027029
218.3791007
225.3087733
247.1715906
261.8874573
248.2468373
248.7836056
236.6877238
260.8056896
225.6500063
190.5976438
232.8225147
243.0009481
249.959561
235.9487113
226.51412
250.5819101
221.242767
246.6941313
238.8311512
277.7593594
201.4347144
245.2062027
251.8686468
244.5071241
256.9913141
237.0062367
229.6291163
259.2445269
250.3353721
252.2424283
238.4818939
227.8869825
223.3266976
243.5168944
259.9122221
238.6344508
233.1803226
280.5686028
242.5063312
239.6418757
259.0711104
216.798206
225.5899457
245.8589391
260.9243826
274.0816048
227.5182374
265.7859478
233.2197867
211.2604515
186.5372753
251.8048465
233.5529954
239.1172285
231.9599795
224.8126906
244.0736954
257.4518039
238.0469618
245.9409681
231.8001875
222.5279816
240.6516495
237.7154256
232.700627
246.7665949
268.2454264
242.0909621
275.9333361
277.2152808
236.2633718
268.8397935
232.6898025
270.5141243
233.6233355
243.3676637
242.8631056
226.6127051
275.6069491
242.0263161
241.5592865
246.7368277
260.6149464
262.6555793
244.0926758
233.0524401
204.4523284
236.3750365
251.6372744
222.2177937
240.0085348
241.1636118
213.7418796
259.6548034
244.987252
229.864999
216.0574082
200.5825903
230.5433307
234.7988774
239.653527
257.5345658
245.8474005
252.6745416
258.8459018
255.1362753
251.7021834
243.7066416
230.4652293
227.1476506
205.1102139
232.8132876
225.8507471
212.399273
263.3932575
277.5263332
248.1634177
253.7831824
241.7865998
271.1487072
227.0338436
272.4182489
240.6746703
241.1903534
239.2916786
218.9826385
242.0542041
248.7488021
266.7369953
250.8892603
230.1396504
247.7429182
250.9160395
241.0680147
242.0732032
218.0946584
258.666622
260.7900543
245.8346029
235.2942836
222.9814055
214.815529
238.0602292
231.7311441
253.3733946
239.8396096
228.9043297
279.5925989
261.2378404
228.1222262
254.7181061
257.7011043
250.8357395
238.2549376
250.8061978
217.6825779
224.0321656
253.8204854
249.7770677
247.421981
231.0855676
257.2892117
246.5197375
248.7929643
232.8717509
250.2923562
212.6327502
235.9765429
241.4347115
261.4272306
229.9906076
227.7564503
248.9029188
248.2667197
259.2080696
238.5989707
243.9154255
220.5488752
205.9406892
239.5369951
271.0644419
254.1822586
250.824464
255.4404121
263.791394
249.3981934
245.1043289
234.7355281
237.391087
245.9948272
227.6957131
223.3864576
231.3011356
260.4876465
225.2837793
226.8080713
219.6220323
194.2202237
261.4063334
264.1255235
259.2708739
252.4281164
224.5260684
262.5422233
250.601473
243.6547745
256.5010195
252.7073532
252.7088566
249.3303903
254.0814935
234.918059
293.0401642
237.6980614
250.9005358
253.4422689
237.8581542
235.1977844
247.8073199
253.6778321
252.2365651
217.0749058
255.4803648
229.4870079
221.9202719
246.6941313
261.9909285
243.4675643
239.8925291
255.8519288
232.0426663
227.6819946
274.8224777
247.3488409
271.7202227
254.3246301
243.5978522
222.7959241
235.2091538
233.0234246
241.0654589
286.6597569
270.2644104
232.1961629
243.5333378
255.0723059
261.8037934
248.339672
246.8106256
230.9612368
246.9584093
240.9596011
225.8332325
242.9200091
259.8280696
267.0015928
263.6328986
213.5165959
265.7313746
243.8217828
206.4810092
222.0870359
224.088994
247.5554073
256.6537268
205.3748114
243.0464822
249.1006528
259.4401938
246.863733
224.8337757
223.85033
253.5651714
235.3198037
236.2826904
237.1335367
239.0468132
240.0355772
206.3306698
238.9384185
265.1922572
243.8787239
237.4300813
216.0913849
219.3390934
269.2085763
240.7680311
237.7581596
246.9999593
244.3955159
245.4625315
245.7987469
275.6242382
260.7344287
219.7954489
250.0697223
224.0519729
252.4369864
251.900594
267.9775215
254.4949835
264.8953368
248.5511432
238.1212295
243.422049
218.6564771
255.9914062
232.6696946
194.0133566
248.5818125
244.3764979
216.0864989
248.2481716
246.5545974
272.9845777
251.8352715
234.1375717
232.0553699
233.4192872
250.1967779
219.9527792
250.1428624
231.6651262
245.5391482
259.2404678
252.332181
237.353427
260.3874076
251.8730067
254.2533316
251.036142
245.0699575
254.9384473
257.0181873
259.1737546
228.2349056
247.2601594
283.6896503
234.6561677
225.4646001
214.2997143
240.3710597
242.9212682
247.3436166
265.3279386
222.7850997
246.5855674
219.2816638
202.0505049
215.2997724
252.5688905
271.669859
225.8792364
235.4653699
246.611407
268.2694056
244.2016155
223.0798402
262.5321506
252.2968512
226.995056
241.0004183
252.2939008
266.7265467
255.5555345
256.3077957
240.90982
251.8584801
254.4550871
223.0506368
220.6550524
251.8599271
249.7551745
250.7738748
249.1276199
221.6660478
261.8994469
218.5839383
245.7283505
238.4160076
259.0570912
253.7319919
255.7386104
240.5325995
242.7555941
250.1843373
236.0112901
250.4312887
238.3883075
234.1125777
228.6937417
257.3219857
217.569673
239.7543672
229.5581937
214.8540159
222.3584363
227.3188872
257.8785425
224.6878337
248.2057759
253.2711638
241.9261524
227.5815679
238.4436888
277.7368085
237.1673255
248.4805589
243.377774
252.3012487
239.2318435
238.1331627
256.3338044
243.9407577
225.2746838
235.2744388
252.2277515
225.2428118
239.3995096
232.5330736
227.0582737
232.5330736
243.7218259
253.4928957
259.9417638
245.2380559
254.3373337
239.6768108
242.253122
211.2359461
269.2391704
252.2939008
254.5045864
240.2901958
269.847519
235.7407542
228.5351899
254.2644191
251.4461929
234.5664526
252.6521786
245.7629098
255.5655697
235.8790665
234.4445273
237.1565011
225.208572
259.9396591
235.0025122
241.9768732
263.1447088
253.7505964
206.6139093
257.6065408
252.82552
224.4517255
262.21967
206.540243
220.0878592
220.0541831
210.107047
230.6008731
243.035094
251.6516694
248.0325848
220.1948257
227.2988545
241.4843047
239.5149516
226.7708247
236.4644133
232.9836786
235.4442096
240.6055893
242.2949164
214.2881381
229.199634
204.4914166
255.0788644
234.5302208
252.3970901
250.3131595
282.8309112
250.4619204
242.8289598
243.6699588
236.4328232
249.5708583
239.7789289
232.6634931
221.1385818
247.7954807
233.3136738
239.0833269
256.6872337
238.3724843
246.2247526
259.0891887
269.0655283
239.0128741
258.4523131
228.124143
250.3659286
252.1031952
212.8397676
240.2901958
242.8871411
260.3331727
253.1268567
203.9204273
250.1359656
283.6896503
231.0508392
207.364855
222.9760684
225.9774081
245.8166749
253.0089342
245.7961912
282.5452662
249.3791943
211.9432933
258.8974683
222.4947942
227.8208707
280.4552468
257.5308824
222.3500173
264.3473494
222.8094547
230.9146316
243.6357941
246.7821362
245.5225357
251.0432079
258.2654411
242.4506493
265.7249476
269.3182489
248.5604831
244.2459469
250.4939803
225.1719644
232.7346413
221.7601603
220.5618044
256.2006788
257.1875823
247.3893198
246.5649145
230.7507616
262.2565407
248.9660426
235.916689
243.194435
229.372562
219.2816638
228.522054
227.434799
229.7068794
255.7183897
248.3662257
226.0922299
251.0248102
233.4719436
257.833591
216.986431
260.3202059
229.1706937
244.9770853
223.1591067
255.4887086
249.4593064
221.2550197
225.9382071
242.5518841
240.7987003
253.2559419
252.3528151
256.2420785
238.1570103
185.5462374
