62.56659101
52.23956203
69.7314192
65.00171437
57.83940253
54.72968781
52.17054925
42.43820552
63.19077432
49.17044974
60.70600592
61.75575989
59.90305663
53.90207023
63.82765298
44.91711327
49.79333428
60.29814706
59.5466692
47.01671863
56.76187136
58.89009811
49.43059105
55.50662134
64.53239178
57.48192739
61.89341205
52.85668333
59.35740763
60.64713969
65.73468493
57.13856001
58.36687704
56.28704528
51.0267327
54.40121557
59.84623595
52.78662343
64.23913213
56.93070996
48.52447976
48.96764861
50.36710952
54.16914367
58.92395512
61.65758999
52.96014568
51.98125521
64.72277353
54.67637377
64.47846084
56.29361213
59.04894438
54.22247394
56.97881273
60.59235644
57.45279462
52.42138821
56.19731731
64.94575412
59.25910785
44.06110159
55.48614154
37.53240529
71.54364178
59.0339356
57.18180867
42.37008564
52.77333551
61.77269245
54.95930018
48.67630462
45.23086084
52.74732787
48.8821903
60.40490501
65.56097599
59.02815613
47.50264909
52.1392167
60.96065998
68.84053585
56.13052054
59.19094738
57.38797845
56.54939448
57.02365236
60.16445612
51.26520098
59.31815265
53.67048537
61.87414172
54.02525747
52.00830185
49.27568164
54.52433787
53.80766673
62.85761031
65.80991551
47.29101641
64.09578166
62.22121868
51.21565335
50.63882602
64.80284199
44.02467141
56.62531503
50.93304351
55.10897397
55.26798259
48.0339387
60.14044532
48.93144572
55.40578898
58.66633826
55.20167286
66.8475261
50.35420311
64.42693259
57.1577167
60.27329207
57.4313651
67.54492691
56.40896623
56.40459915
57.15716473
63.04442048
58.5897521
47.65591882
36.80925659
58.47611886
42.52840429
52.93137818
61.20081664
54.77666228
60.42686214
65.1894012
60.9142456
56.43192178
56.53846868
59.36327639
82.44399144
36.67574422
62.64305542
57.45664219
61.68134915
60.34737001
63.51106438
78.19237583
44.22860896
42.2170919
44.04032145
61.87984002
61.86701478
48.56511467
60.54603135
52.04067341
55.15646795
70.8188047
52.40966691
60.58091924
48.09929872
50.23882466
54.8201788
48.53178528
55.27466308
62.55506453
52.4005269
55.23233979
58.46709249
58.55974267
52.87680597
58.23900615
59.05125779
50.84445195
57.14622269
54.98457727
62.52056626
55.3041449
44.282962
56.98920279
44.69612953
52.08971777
60.15336797
52.83400376
42.10111277
45.19335919
52.07496063
55.48115756
65.68468273
69.84993091
59.34333233
59.24103075
68.39655528
56.42427534
69.36120811
53.874983
43.97996166
46.27827705
51.08767694
64.00433283
63.23905566
59.05703727
57.2766018
61.67505829
74.06699954
68.4624348
55.86720538
51.27318835
52.78156639
61.91128621
54.32989749
61.81159027
58.64305802
58.88493554
58.43722104
49.52570887
66.3937886
48.76851647
48.72206962
52.97325502
53.86260421
65.846021
59.04374123
55.11455864
51.08915428
58.92682862
58.77852664
56.85856393
50.33240021
59.63223303
56.28486174
57.77079562
55.80012451
59.00566326
52.21504796
51.07655632
49.74810502
51.50416442
63.34415769
57.14676654
66.76658098
72.57459622
52.95327037
57.58263799
57.32541077
67.13857786
57.55785606
52.23161525
69.28750357
46.22450845
56.08505588
60.10910466
57.63497796
59.7974351
62.60203088
57.96138842
57.30621349
75.12522791
55.18382305
60.30934886
65.21734074
62.04899519
59.75118307
72.94201499
55.95068308
67.74467595
60.74196529
57.5534484
59.24628261
63.909491
57.24535854
64.79344222
51.81616678
58.79166034
56.04668568
51.22878704
44.56745503
62.30669322
71.13258473
57.82334663
58.22277979
64.06298801
57.80673876
67.48420995
60.58218553
68.37551539
54.31030248
60.21197444
55.37859623
52.44547206
58.0988133
56.868954
57.49787777
55.00870982
44.68720056
58.23117302
60.86153224
50.35743377
52.06354779
64.87865701
53.16109608
53.83485948
48.63740681
64.14859243
61.52104177
56.29087662
59.5105556
59.5466692
61.58666154
58.06593847
70.80711587
42.56314608
48.17280845
61.11821561
64.91159677
67.53271858
55.00478108
50.55737764
51.45441385
54.39949471
53.43570231
55.43517339
56.14476629
47.58531507
77.81209936
53.70086008
57.32596274
63.95260978
41.67414593
52.52389272
55.42298129
63.8439524
56.2925163
46.88593365
63.42757045
47.08831269
63.0419853
59.88006049
63.12796311
52.05749233
60.27950988
56.19239826
52.72955112
59.43323888
62.37189089
52.26862987
41.41218636
47.6438079
59.56090684
59.36914516
66.71625409
52.19447888
57.79623505
60.39927164
58.80308129
48.91573074
56.13380802
48.44028775
60.71626611
52.65816811
43.84008537
54.92387655
66.68982435
59.10157657
64.08922293
50.42409255
56.50841866
51.56635059
60.92664874
58.16129981
45.3454438
70.0824736
52.83273747
55.2451488
53.47014376
56.33681208
61.2537654
52.57931723
61.53206498
54.54489072
64.60807693
53.37328073
58.97685517
43.23109754
54.54432251
58.53881642
60.442569
63.40450125
58.47160567
47.6824622
63.00703247
55.98690221
54.30914983
42.66522849
57.95528426
69.1742843
57.37644386
57.96916474
59.25327967
71.47246982
59.98988675
64.72071175
59.07322305
52.02180894
54.87376882
49.27383091
49.15622833
58.17860577
42.00370588
65.27472963
39.6140553
51.94328276
64.1609144
42.13585456
50.72568049
54.26528426
67.48937251
68.26362735
57.75752393
65.93294041
55.40523701
54.8167858
60.82068629
68.71604985
57.0586539
65.55742064
54.65707098
45.87014221
45.92456019
66.72657922
55.8902827
43.77384869
62.16959303
56.30837739
69.25113833
48.44558019
51.97855217
49.90182932
56.03900677
45.36456802
58.13171247
56.05435647
64.52739156
60.93056937
63.72979154
53.4017966
49.3775043
40.87385098
52.36261939
63.12547924
50.39204569
59.07032519
55.04179569
66.13993003
71.50545828
54.43621711
65.67377316
44.18613956
57.21632318
60.90773557
54.02642635
60.55047148
61.97520948
49.2270269
43.62053026
59.19269259
58.75399634
47.64502549
56.89135758
62.12848732
59.54548408
43.22148673
52.59152556
60.30250602
57.69676639
53.63287819
55.82322618
58.36744524
59.26319894
60.98293368
54.09295525
58.07707533
61.23832641
63.01352626
54.78118358
53.24706577
62.61981576
54.44824686
62.84249601
62.09850224
53.14445573
51.66589231
61.28741136
50.25845215
46.43300788
47.49393118
54.02642635
64.13252029
53.39755128
51.99817154
51.4022687
44.35835493
61.49764788
59.70027174
65.57883392
57.10844505
56.30837739
49.50228252
61.07713426
70.7838681
56.42317952
53.01562701
45.59714319
65.0298812
56.94273159
62.06497804
59.40792933
46.98535361
43.03388107
59.09173035
56.151877
60.32803474
50.6777076
55.88478733
69.25630089
54.64457043
56.9624159
60.35236211
57.86432246
66.22766116
70.26592323
50.13834946
64.86066921
63.18829044
55.45900561
49.39036201
46.77320142
50.38883126
50.16895146
62.53434934
48.13504705
54.73478544
49.62490155
57.93696364
49.27475627
59.38499813
71.7462481
54.47001729
63.74050629
56.07464146
50.27312812
64.08170637
41.45465576
59.85710493
63.40791049
61.17344531
49.54996319
48.76549686
65.69926129
62.258282
54.72684677
65.0789418
58.46766069
32.98934828
53.23787705
61.38351949
44.60622297
60.86607789
55.39135653
50.76493547
54.23289647
54.47230636
55.83972041
57.62726658
62.66403848
54.52605872
53.09998949
47.36543527
61.68694193
41.55849149
44.09207698
56.33462854
55.5867872
61.93852767
56.17871259
64.43878377
70.59924958
71.40727214
65.34986281
41.78116363
59.92547645
51.38577447
56.08833524
48.12391019
54.9666057
54.37018336
63.53186075
51.57409444
58.22502015
58.90386495
55.18271098
54.19524871
65.72244413
58.07039484
29.94505851
68.01114871
50.30485029
58.98204209
48.3570698
60.70472339
58.86544605
58.68509721
61.04016023
67.70295334
58.81852028
49.62667111
62.1475466
60.41682112
58.1266879
58.84654911
47.66921486
55.20892967
70.04117308
67.80523056
53.53338518
51.78587324
61.35093688
56.48929444
47.79100594
56.5712461
60.62991491
49.08757272
55.57462758
61.44692325
62.47022314
58.23229319
55.11232639
63.55882622
61.85774489
51.26664585
46.77889972
52.39726377
56.66956211
58.78880307
62.65005248
55.36527583
50.74571384
63.45244167
62.12554888
66.08742772
61.34483272
58.79794308
49.862412
56.59855249
57.53309036
64.06860514
55.34194689
50.35178418
48.42330648
46.07771628
51.40799947
56.59363344
61.01249667
58.5258126
62.44895597
60.70279149
51.23826798
48.74935978
61.77621533
52.30289274
59.21014465
48.46671748
58.28381332
63.55186163
56.39530491
41.90805233
57.36931692
53.30634597
53.59937834
58.54729082
51.16069963
56.29087662
60.71498358
56.05435647
64.29889125
50.40487093
63.81140227
66.92675036
47.8239944
48.7443271
50.95937584
54.13138227
60.40678821
36.93627516
58.61525647
53.87085132
59.9279035
65.88490258
57.07835444
56.26243381
57.01709363
47.0357292
57.76139586
53.13766972
68.24320438
60.87062355
63.18663452
53.62032082
59.42322221
61.8023772
62.79811094
53.94204764
61.77692965
60.39050502
65.90634833
50.40327995
53.74129205
51.22295886
67.35332757
49.60446234
59.07495202
57.72271721
63.49895346
49.26542145
55.16428485
57.68517497
70.20598553
61.69184474
50.76878304
51.43658839
50.04914099
55.01599911
57.80342693
65.79379467
68.03634463
62.51368284
54.2415738
57.74260444
65.99805691
58.70159956
51.57409444
60.32242573
46.00673913
69.83791739
69.94435064
48.55888063
64.73517667
53.83840672
50.74956141
47.42123318
57.78572322
58.26980296
49.68675492
51.18492148
69.06411711
61.44623328
60.21320826
56.34337893
47.42754839
51.81822856
54.7007742
66.14387501
63.42672626
51.81960849
50.11510168
47.37689681
64.29405337
58.81508669
69.76362841
51.71600003
52.84786801
55.41687713
63.036287
63.4301355
51.39152147
54.45168857
53.03242158
58.63964878
53.74901155
42.14884214
55.47007752
47.46396233
48.53909079
52.23029214
62.04173026
49.54548247
61.05863506
36.12610965
51.52328052
65.1704718
66.91295105
52.03731287
49.56608403
55.08435438
52.40705316
64.07608924
45.53873153
64.23242728
42.70600951
64.39542147
61.91916805
68.65513808
60.59744594
65.84352089
52.84596858
59.54845499
45.33200165
57.43356488
49.25420342
52.20709307
50.44326547
63.55882622
55.32583416
52.74987669
60.02159269
52.65625244
55.57297166
60.25096966
55.5619241
52.63514761
49.96822834
59.33805613
44.36556303
52.12920003
53.67644342
56.86129944
56.20553195
58.42708261
52.94827015
48.69057473
63.44727911
58.96765022
60.50745822
49.19597034
40.49344464
59.6853279
40.10927189
55.91499969
69.6936578
55.77590266
62.23306985
56.75750429
55.85291904
67.29832515
71.50078275
57.09039231
67.30660473
61.97232786
44.35835493
55.24236458
57.1949586
56.82960973
43.57104756
55.54644452
60.41493792
61.85490386
59.60306778
51.84089189
57.31773186
54.95986027
55.02665704
59.68771437
53.03987321
45.2269321
58.65555045
57.90422681
51.37716208
65.5704894
60.11339868
52.71747266
43.80157718
48.3452511
54.6899945
40.76501503
53.33193151
77.85677665
53.05601028
55.27743918
51.75272243
64.81227422
54.34141586
51.33901916
58.61128714
47.89172465
61.40801732
60.55744418
62.7437579
53.04111515
61.85917353
68.83352255
61.03027343
60.85373969
52.78978916
70.13721627
49.25701199
53.19492873
51.31086858
51.6127325
57.46598513
52.80496028
55.94081252
73.91114853
77.85677665
58.6413534
46.14278408
61.63807614
48.77153608
51.73264038
41.44933085
54.83259818
59.30820092
62.10799941
48.47304893
52.41552756
55.44403742
45.38930937
59.50996304
60.08028034
66.25454546
55.74838522
50.79331334
51.56987348
56.26352964
57.06084556
52.31341268
53.92677911
60.6203528
58.54899544
50.75649354
56.01269068
52.82643038
47.58164608
64.91159677
50.22983076
51.68052769
75.31744416
63.19493034
72.58109002
54.83936796
55.12686437
48.6188995
59.25852341
62.82502771
60.40115484
65.95456473
40.05251615
66.70446785
64.1599728
56.73510071
54.45741934
51.62395053
62.53434934
55.40023679
72.34705375
54.12614665
53.27153925
45.83751091
65.30421145
74.50338237
49.50497744
47.37944562
63.37639937
70.81490842
46.73316719
65.18383278
52.22764592
63.03383559
54.76252204
57.49347823
51.46509614
62.0120374
62.24492102
46.29395956
48.41905305
45.81507485
65.34872639
50.99835483
49.42877279
49.06549382
57.19988576
55.70486058
58.1780538
59.71642504
70.37488906
62.65315326
54.3108788
48.15285627
49.17519021
62.75711888
55.60225055
59.64892207
51.57480064
54.21611002
50.50369021
51.55648003
57.27002684
63.71643056
55.31693767
55.09834039
