109.3396449
110.5302643
79.73748345
75.78213744
77.06184239
95.81408858
100.9947921
87.21155877
77.63197493
100.2813016
80.3913774
87.79428926
91.74247393
68.99375091
96.0427265
80.58139658
116.2336518
91.46914326
76.1930333
79.27919527
80.14061807
78.99382906
86.33438853
104.4091571
88.59206612
86.85664133
110.5224281
100.0364663
70.72282048
78.76121678
83.70212794
87.92469311
86.73223651
91.61495711
84.8332445
110.723433
88.05603431
78.89630737
89.9101461
117.9365507
92.06621517
128.7960269
78.07309089
91.88907515
120.7774274
108.5304137
87.18752517
76.99997743
74.01234947
101.1161037
72.50873084
118.9040812
85.17796359
56.14570966
108.8787697
121.0842777
133.4620702
112.6052528
91.04688674
86.71791383
95.25246716
70.05520376
109.1568621
80.17095065
80.89030898
90.24545422
99.51335112
101.9860376
97.02956645
98.77046535
86.71075249
88.3338455
65.53021264
124.1235347
92.01104287
60.30153565
102.1766942
108.6257982
101.7839829
90.85041861
93.61073968
67.5719815
95.98082404
83.65893495
103.5530959
109.4704612
98.82353799
110.3916868
73.63392335
105.5649446
108.4688487
75.81205759
115.1406291
76.59969235
111.574695
102.8827984
113.9652697
107.3389319
87.1762395
95.18434071
90.15852457
82.11204833
91.46786846
114.5139558
88.70359179
102.8221145
118.8182202
100.2454949
86.93361635
79.86128837
92.97257443
96.1286813
99.17796801
69.40325949
90.35197445
95.95302229
95.56160453
100.3702746
105.5232514
91.46655618
106.214733
123.5224322
82.88892233
98.90386871
114.8444647
100.0483518
111.3387832
101.1363504
78.16922529
90.89861704
79.75300593
84.50258562
89.06885755
106.0392802
111.6478081
88.9784972
78.23300245
64.97507768
82.04845864
108.1447137
94.65449539
88.33521403
106.0581771
99.05571909
95.6221947
115.6262504
85.90347092
80.20124573
103.229111
109.20058
93.41689611
86.4126196
92.55734802
86.40538327
99.9058937
85.37045737
70.09892167
70.16603578
92.07646976
91.40583478
83.73887199
114.1195572
100.2335718
114.3879387
115.7255717
79.05453171
115.4787118
75.72709637
100.9450189
103.4423389
95.94797936
72.02382198
105.0688064
124.7277117
106.983752
82.30506703
100.4540548
96.92032791
94.69866323
103.2005781
74.39658716
125.4778151
77.0389711
99.2717403
69.29700173
87.81374861
95.09855463
107.3073058
116.7267344
85.96518591
91.01439826
113.2060554
107.5514287
98.57791533
106.0818358
87.89004873
87.41012657
105.5139904
60.25504319
69.11613106
91.09232937
75.59110592
104.947701
75.25553535
93.17459166
52.58048788
113.7789625
96.67929825
107.0773556
108.3602288
117.5623988
96.20076336
96.67676741
61.44615001
86.46321764
125.1649658
117.1158463
90.69255046
73.51611745
103.3677635
108.325322
90.67948383
104.2038779
91.18964484
107.1730213
103.3820862
86.3894671
100.2587677
113.8343785
54.38979444
110.7829734
98.52501141
93.17459166
96.91144185
89.35358637
96.10466645
53.60692141
104.0000234
98.94147511
82.74442077
78.6870913
80.387628
76.71479868
82.3033798
102.7671859
78.04737006
101.0459713
98.22119818
103.6223285
100.2799893
84.70454662
103.5602948
53.86847899
106.7862716
93.14030347
128.9199068
101.8251324
77.99360378
102.871494
108.4372413
103.18918
109.080637
73.69826291
101.1282517
81.09348852
134.1612568
100.6327321
129.5920978
100.2826513
98.83261152
99.70468258
94.6115836
92.7982652
71.25680888
90.09126048
87.21720161
75.8045963
110.5832807
52.85284371
77.50584538
96.67168699
118.8754359
96.33484162
93.74365562
106.2385416
68.34990533
115.5713968
68.25587058
85.80324968
103.0427287
123.344861
116.4192093
110.0335824
83.02427538
105.8994654
104.5011672
93.13267346
84.32396459
89.94985216
80.24848807
93.34843222
93.48027958
106.8937666
69.38631224
102.1130295
98.09791818
97.07913341
91.03777572
89.31740474
108.7500906
90.59450386
117.3528078
122.4474066
133.6549389
70.87167134
104.8151038
76.18819659
81.93627684
92.77406287
100.3051852
116.1361302
109.5835804
111.4770233
68.78955903
81.93451462
103.1251216
112.233988
109.6059268
92.67341045
118.8969199
74.74569304
113.2848676
97.71503027
91.113101
67.1483752
81.51488268
84.95978647
98.58436428
79.9363137
73.31327535
109.7686504
73.13761634
124.9469012
101.6443555
113.0084624
85.9387527
104.6741641
81.66099648
77.20750627
93.76770797
102.8446858
82.93192786
77.81164579
109.9803035
103.9927309
90.06222144
105.3402248
111.3408454
101.5842715
93.71581638
108.624036
89.0648082
131.5522799
108.2035792
116.3261119
108.2296
99.5146634
104.940146
75.25036119
108.4653242
94.0332399
64.67047708
108.0085733
62.34990344
65.10075729
102.7714227
99.32128851
71.72578282
125.6736833
103.8382184
103.9518438
87.66482276
87.89004873
119.9457373
73.11624481
107.7185204
98.53920286
66.25287044
77.64299814
100.8308499
96.94700484
106.5743559
96.93048876
103.6353201
110.7511785
105.8916479
88.17179679
84.26309322
106.4154567
121.9437883
93.46252621
101.8072853
86.10726912
115.9855921
94.77057657
80.27679598
71.1129822
110.3605669
117.2649971
90.43599832
124.3776685
59.87170536
101.1417495
98.20835651
85.48710095
87.77899174
80.93038998
97.12615078
78.58150843
82.64588675
75.7546544
87.21720161
71.37761429
85.62406624
76.94707351
113.7909605
75.06232918
97.63584312
101.3244574
105.6811383
122.5583886
105.4108071
128.4846774
92.18666439
77.87253591
90.7604332
70.32635978
93.00435052
104.0849284
93.12125656
119.7852633
66.09509603
95.26255303
133.4809671
102.8870352
85.68491887
97.95049209
96.83021128
87.88172508
107.0790053
107.4424151
78.77149012
83.3121162
90.63111667
121.9772328
79.96702122
91.50787448
98.58565782
125.4640173
73.66616812
95.5136498
92.97384922
110.0946975
94.10528447
105.6826943
76.85228888
81.78165192
84.98412003
96.56018007
127.5540784
104.7850524
93.80818265
82.29828063
100.2932621
68.8476746
94.88915109
93.15173912
109.2388988
90.70299252
82.97650813
107.6272227
111.9435601
91.99694516
74.19325763
129.6601868
102.0356795
63.23026066
75.00698816
100.7839263
87.54750429
80.01103908
83.28122121
95.6083032
114.1269435
76.5358402
73.71284805
82.74108381
98.30734046
86.65908587
85.86961391
111.4315057
80.98854305
68.88329383
86.58867229
105.0475661
96.02504811
105.1797696
92.4794919
94.95980838
107.1581363
75.1226569
98.61019759
82.07252974
132.6878957
107.3306083
88.06293319
105.8244026
81.40326328
87.69269949
85.24728984
93.37758374
89.13480935
80.97946952
116.4221338
77.77673895
108.489939
110.0813122
68.16101097
87.67738322
88.71446502
117.8050595
84.10949938
110.1828832
110.9508336
109.2462101
117.9398501
110.2155779
115.7643405
86.41406311
106.214733
84.40332047
72.78491104
82.97650813
87.48588303
105.5247887
79.41421088
75.69447666
79.84006681
110.0774878
89.69118162
62.8569712
90.86995294
122.5837345
105.7091088
75.24518703
66.59436505
109.6357344
84.0433976
126.5666385
87.50830439
87.92053129
110.2464354
80.05876884
142.8826423
82.83256897
114.5672346
82.41871109
109.160499
84.91108187
102.8108663
80.76954106
90.88948727
72.96251974
123.8124102
91.63816585
103.5372548
111.3593299
78.41237336
92.52034152
128.4846774
91.40066062
109.5223153
92.99291488
105.7963196
98.69804584
86.35904079
103.2904885
100.8952832
109.613388
98.83778568
111.0575788
92.19690023
121.1414934
77.48807327
115.9095544
90.31911103
104.7880519
100.3038729
104.3824989
132.273363
83.85034141
99.32651892
94.79202309
90.19146298
83.86623883
112.6676427
94.803365
94.55354302
91.8132437
94.46897548
88.75790173
75.4716503
100.6728318
92.43862352
72.83815241
73.40018626
83.60925551
101.2607552
88.18143272
103.9037203
89.03110117
91.92118869
109.2919527
91.82353578
84.66767135
83.86781357
95.61966386
87.16349157
113.0793634
100.2654041
111.9542084
62.89926434
88.28859034
78.81250846
121.0056154
105.1858811
116.124732
96.67296178
92.50630005
57.37790982
108.7376426
94.36168663
77.00455169
53.7826929
94.95980838
93.24693618
98.55725618
107.6305971
81.57839738
79.82075744
76.08103896
85.62852801
97.85829454
101.4793448
92.7587841
114.1343298
109.4390413
112.277481
77.19847024
104.2967503
75.61637683
104.7655368
88.33521403
51.22890709
96.50191452
101.2147502
120.0766661
95.03297776
75.02809724
66.81003008
90.31779874
74.91689027
102.6421437
84.10321914
105.2224752
72.64918306
119.0997245
88.770106
105.4092699
101.1093548
79.21331846
70.38447536
107.5430113
93.08569358
93.61201447
93.00181968
93.52714698
116.5484133
94.78570536
92.89370597
96.62860648
96.46520798
113.4039108
66.78258453
71.34926888
96.76298468
82.63415115
75.50734451
96.13752987
107.9057463
113.2129918
103.2048524
100.541978
78.91666657
80.29561793
102.8616331
104.9930499
111.0758009
106.2401351
115.0719028
94.91944617
71.5390631
82.65424789
85.02513837
102.375262
87.20589719
129.0773813
85.51842712
105.1996039
77.70891245
101.1430993
87.04448587
76.46460176
107.2757359
90.34934987
135.658014
71.98029154
108.2070474
81.97946983
91.97769203
91.89293703
103.7293548
66.03600561
71.69833727
99.92829632
71.57040802
112.0440438
92.4245633
89.637959
106.3308329
103.8600399
74.86897304
129.3251411
135.9519663
114.7797876
96.21339882
112.1473771
59.46842077
122.068568
114.9564215
85.11148687
107.6508438
133.9542903
95.33321032
134.1192636
92.68615838
113.5546738
84.35665929
97.05624337
91.86209828
104.0351365
81.06641792
136.7348394
91.24018664
91.95457703
73.14676486
121.9247413
85.90935747
99.25479305
125.0983016
97.95049209
89.98689616
91.92634411
88.5906976
93.22029675
111.3943492
68.41986899
88.95013305
52.33212816
104.5056289
75.20356878
85.79440111
85.07211825
95.10740319
102.3349185
113.3641297
112.459214
99.3513024
91.08454938
109.348831
110.3838881
101.8979456
87.26941189
111.7086232
84.36599528
73.03349573
104.612899
115.6207388
90.30465712
107.3023191
107.8732953
95.00521351
114.6641189
85.49456224
93.50941236
81.62061553
88.46931103
98.89091456
67.85116122
68.61318763
94.45635878
100.1541222
76.01981139
108.2678438
70.29141545
97.26992121
82.69605361
58.51832486
74.72687109
87.96346182
138.4541605
115.1432912
91.26350786
83.60925551
70.47288602
97.26864642
115.7144735
124.6263282
95.9391308
119.195109
111.9755424
62.19527852
77.07556517
67.45500047
96.18810917
69.00252449
84.96893499
98.4051621
82.79934936
106.7586385
99.07000427
103.9649666
86.33729431
124.189449
96.45253503
127.4753411
77.95479757
103.7380534
99.60762957
88.63698384
108.9038906
106.1687842
97.03209729
64.75956263
124.5385174
92.84025839
90.08992944
86.36629586
83.27469727
85.13567045
88.29682026
118.3913894
91.02349054
71.64318371
110.273431
90.98839623
89.88629997
88.13600884
81.6170911
100.8496344
111.7170219
90.29940797
110.3063132
79.42605896
74.48196081
147.515091
109.1933062
104.3736129
79.51866894
83.47729566
79.47146409
68.75356486
100.4327583
140.9557548
113.9409362
68.35927881
86.4126196
71.34222003
73.13761634
111.0596035
85.29693179
86.41985592
98.88832748
114.450816
85.59583332
95.01531812
90.56964539
77.17124965
124.1414568
107.9879517
96.70972457
110.8287534
72.23262562
66.20052893
84.63072109
73.59283001
82.69269791
63.87890546
86.56274525
78.13086901
121.1238712
52.07417
102.7376407
73.69826291
122.4373582
84.07489249
103.3792366
66.26441857
90.50678684
93.676579
92.43734873
103.3577526
101.8580896
88.82704052
99.01025771
73.24091209
113.7597281
90.09521609
109.8741583
99.70468258
93.61833219
72.75034165
92.55991635
115.6207388
138.4541605
110.4189074
112.9765176
116.6938522
100.7611487
89.89027433
86.6102313
104.6323022
91.8441012
88.74026084
86.31552909
82.36451363
108.0377811
104.8978903
100.559319
89.59534716
89.31740474
94.6254751
69.67044116
80.61474742
103.2119763
107.3772507
98.23147152
76.41690949
104.187718
88.80265072
93.45746453
122.9516248
105.2560697
127.3541608
131.126049
111.5851183
108.1654854
89.72308894
124.6578981
109.1750841
124.5572644
90.84389466
131.9578141
76.09569909
105.2575882
79.47341378
99.35913863
122.432409
108.7447664
101.5242812
82.21817487
103.6107803
95.10991528
96.85814425
60.28983755
91.92505057
87.56568884
119.6041677
102.3001616
111.4438787
94.8992557
97.87876622
74.65930705
72.63013615
84.39865248
81.11875943
78.76740328
126.3424249
110.0145355
112.3123503
