5.676919836
6.524712098
7.116345746
4.428321172
7.997690382
5.102107498
6.761273307
5.546804296
6.292421035
5.523042746
7.146637854
4.567183278
6.841473551
7.416517947
5.447076837
5.586139487
6.896532791
7.843615613
7.494102529
6.192915607
5.350887541
6.227993545
4.063016713
4.721137721
7.996318091
3.357882561
4.584905601
5.91709656
6.438464034
7.697473775
5.583486582
7.356767419
6.612232182
7.380305506
9.951801367
6.440882016
4.661705198
6.900573744
6.094938608
5.9751969
5.562138717
6.469628506
7.217131788
4.933988948
4.475712485
5.138451725
5.756988294
6.128744526
4.840696074
5.874736025
5.426014031
8.125617133
4.497606115
8.352403274
8.687574627
6.75729968
8.606703996
8.613052633
6.62714976
6.09651001
6.397226544
7.280268637
8.197119514
6.638735449
3.020373442
6.755670979
6.316817162
5.539621971
6.808464077
6.666768577
5.934291739
7.227972601
4.800819415
5.295760975
8.616983287
6.740637373
4.950221519
6.903235244
7.124285839
6.009143199
7.300895977
5.702139624
7.682243922
7.575861282
5.924125612
7.173562262
9.222464469
7.203185414
6.936022687
6.733850405
8.350684329
4.518130318
5.7263481
6.257384639
6.595481064
5.779744261
7.832476849
5.786758989
6.836053144
5.250233285
3.182320979
7.855072381
8.307131993
5.540919774
6.750584335
6.825239548
6.026074807
6.962458629
7.018963215
10.51717383
6.850354766
7.7146489
7.425430677
6.406683606
6.589580785
7.294462826
6.760151696
6.543147783
5.514339155
5.446085579
2.872314981
6.030945151
4.967622972
6.637744191
5.847901862
8.099174029
6.70158724
4.594517368
5.284576373
5.282522234
7.508991457
6.475057508
7.274295304
9.01682135
9.162484748
6.517214633
4.654895311
5.73165964
3.54973974
7.148058849
7.353699102
5.925244359
6.944011484
5.718412303
3.530395879
7.48329323
5.265564842
6.650248083
6.420973768
6.749060203
5.810754028
6.781099905
6.42560919
7.214309853
4.468767947
6.451522286
5.328429525
6.633582912
7.496743974
7.105072332
6.662184724
6.573676246
5.5030772
7.442996862
6.969219812
7.879383993
7.328327474
4.560679936
6.109657074
6.872827107
6.831578157
6.243083017
6.512931595
6.46091059
7.446960462
2.884874739
7.737954929
4.210857442
6.070234504
6.15441124
7.859650505
6.981038991
5.301727147
5.598667731
6.372533899
5.104138718
6.472343007
7.130847912
6.813632372
6.375330049
6.030844879
8.072243891
5.943214496
7.462642971
4.723555703
7.287287663
6.914977071
4.907267949
3.113150633
4.315770384
5.378201577
5.256104914
4.524415927
7.674282342
5.761062194
7.328588181
6.143003175
8.958113649
6.305921916
4.604776605
7.60903692
7.109946973
6.995674376
4.338901654
5.444226254
5.588328277
7.73013373
4.966050137
5.561789199
5.710453588
6.514293859
5.383481603
8.637003266
4.548842135
6.273703157
5.737610054
6.102989
6.334651216
7.353699102
7.210390659
7.129792193
6.290878282
7.061595916
6.137634337
8.374806857
5.0548537
6.572990101
8.118798651
5.942403727
4.466149421
6.863146582
7.620937749
9.711974162
5.104760403
4.766930415
6.446200719
5.381421734
6.410930832
5.086078336
5.382195259
7.735459594
6.840535293
9.469534161
7.444270314
6.406104894
6.114066168
6.39172592
6.368003046
5.275927215
5.769831678
5.501392634
5.882878095
6.214439663
5.057930612
7.427665305
8.386255031
7.584309897
7.982918915
8.306478794
5.661817472
7.593603659
7.759201089
7.481259145
5.573304698
5.668270678
7.101945284
6.044238326
6.275730079
5.858288587
6.980381495
6.7235396
9.705098382
7.690603725
6.184858053
5.162683119
7.813783323
6.297436057
8.615504994
7.199652982
7.643278304
5.666159241
7.818570584
6.160353059
4.335836202
4.544063468
6.757503088
4.188006933
5.752908664
5.392841258
8.15069654
5.351280033
7.323875407
6.184858053
7.277214645
4.275512692
5.808121177
4.513185486
6.949857329
4.356062455
7.306448169
5.365511465
5.479616466
4.892823081
4.405149794
6.911128066
6.855170677
6.242309492
6.573971332
6.954628834
6.21734468
4.776757051
7.530807734
6.33532447
4.446708154
7.91433301
6.331276354
7.858252429
5.519232418
6.789615845
5.172194615
6.318842652
5.740308798
5.846757331
7.358237117
5.435766179
8.302903389
4.787317103
4.210456355
6.532218158
6.610849864
6.890801542
7.62029028
7.557901172
6.082648151
5.343788298
4.379686488
6.833345806
6.399638796
6.024980412
6.552430086
5.866263059
6.266752889
5.074481187
8.610107507
6.318745245
4.50431573
5.662374697
7.720957428
6.639924386
5.11469877
6.207561019
5.140425647
8.191997058
6.223638884
6.145441212
5.52042422
6.759438334
5.768124192
6.010140187
6.133629195
7.947921195
5.500189373
3.354719702
6.746216782
6.665472206
5.401894368
4.575961357
6.853180998
4.022380854
6.512054934
6.837303677
4.413257484
4.874777023
5.855902118
4.954464448
7.450936955
7.787363138
5.908725298
6.316721188
7.739559278
5.733498911
5.542097251
3.796454184
9.110458013
7.109365397
3.899911753
7.186319699
6.84001388
6.25390664
6.843039223
8.809012361
6.570146679
4.955521599
7.386416355
2.614977457
6.658998946
5.829645234
6.260958612
6.574558638
6.521789892
8.63094112
6.558787318
4.419749366
7.39063923
4.09343058
5.290177269
8.206596631
8.429996451
4.995200579
6.986970784
6.302836409
7.190794686
6.558689911
5.456963636
6.366074963
5.818639688
9.626714491
8.42847232
6.984002739
8.961471322
3.407846562
6.155580122
6.532023344
6.520133975
5.386822086
6.68504526
7.101713227
7.290742742
5.599584501
7.152800272
5.278815042
6.306500627
6.3549892
6.818602988
6.746825575
4.100478254
6.490482174
8.241382348
4.63319363
10.89011614
7.017403273
4.67679467
6.151680982
5.6385272
5.610554235
6.570441765
7.197343866
8.885768984
7.133901904
6.224800604
7.645584556
7.276071547
7.917071862
8.859606642
6.424933072
6.397805255
3.868351923
5.877520716
6.093660859
6.969000647
4.106534671
5.979817997
4.866789659
5.354686409
6.698574789
5.075595636
6.316527806
6.598237105
6.367809665
5.405323664
7.438056327
6.666069539
7.773284979
7.756840405
6.875147683
7.349310063
7.33331528
6.368485783
5.462375448
6.933007371
7.72606556
4.48430721
8.315652231
4.634159104
5.212904962
5.802637743
7.97976465
6.718796744
5.688186088
9.67860371
6.277467646
6.087862284
6.850563905
6.529000866
5.068238552
6.449876396
5.05922555
7.175000446
8.684847235
7.219343497
5.201353652
6.500970603
8.410784376
6.134411315
7.731018986
6.717182369
6.760660217
4.620075215
7.481983967
4.615411144
4.91222424
5.519470205
5.288267807
6.530755622
7.674789431
6.423002124
5.8468619
5.920256554
5.941794934
4.255326549
7.110179031
7.225995814
6.17970838
6.549888913
6.586731634
5.195979084
7.314747809
5.559103347
8.002512022
5.827761556
6.396261069
6.107892291
5.444474068
5.006055717
3.900542033
5.312248522
7.438901475
5.332417477
8.650852233
6.499513797
6.418269295
4.845383064
5.329893493
6.493977362
6.262020061
2.772845364
6.765862891
5.334537509
5.500791003
7.06364146
5.63040805
4.054078199
7.847944489
5.091601879
4.063016713
5.535371879
6.814978879
8.558321424
4.886276765
5.578054716
6.489608377
5.06502699
7.228218983
8.973332042
7.189342177
4.101417944
5.316141933
6.853180998
7.125572183
7.436648225
6.199610898
4.575961357
6.204653137
5.291540965
8.420897502
6.107793452
5.742036337
7.181134215
6.245790355
7.418741116
5.176483383
7.377732818
6.770458203
7.545808394
5.496334638
9.912563583
4.72333797
5.14858777
4.855272728
5.967551892
8.818947863
6.142221055
6.870824536
6.924512918
6.243663161
5.836543933
5.268197692
4.097670644
5.756345122
6.524322471
6.588499282
7.605518813
4.09437027
4.782567085
6.569363127
7.068306964
6.21976696
7.381660607
5.55980525
6.113380023
7.084543831
6.307368694
7.433415176
7.406691311
4.495354297
7.085576631
5.376135978
5.843634581
6.860940603
6.322793361
6.843665206
7.07286933
7.301798423
6.93537665
7.177404104
6.940986141
6.593022972
8.718332283
6.240473085
7.124519329
7.642126611
7.035628387
5.217213784
4.029147767
7.436225651
6.642901026
5.422750901
7.514337376
6.393848817
6.627247167
7.278996618
8.519862895
7.95337598
9.241258267
5.412039009
7.060574576
8.039119821
3.957072404
4.674720476
6.552430086
7.893714264
8.496565461
5.755916818
3.706667958
6.758113314
8.481702316
5.264731153
5.383223761
5.176039322
7.616098919
7.679527989
6.324529495
8.200843895
8.36003539
5.71001669
5.955350248
3.7309853
4.046033537
5.325235152
6.217248706
6.478546966
7.296389476
5.193647048
6.43788389
6.886667479
6.512054934
8.351715696
5.681344687
4.857005997
4.714737515
4.4611874
5.671601134
4.876481644
7.479081814
6.629127979
4.803254587
5.64055269
5.451408579
5.743329844
6.776082018
6.367424335
6.287695369
4.37839155
6.26057185
5.886066738
4.92424826
6.662482674
5.102732048
4.56899963
6.185051434
6.926337865
5.857562333
6.746318486
5.85725149
7.208067218
6.734457766
7.641470547
8.656049176
7.65668321
4.699782694
5.750759983
5.718303437
5.514579807
6.216280367
7.600104136
7.737954929
5.828075264
6.695363227
5.127470531
6.496793567
5.755916818
6.448812083
8.763334263
8.25472709
5.211323533
6.676747053
6.621216535
5.0893959
6.74642019
8.344163798
6.51341863
6.023986289
5.376264899
9.75171617
6.357494563
5.830481787
6.84429262
9.320513091
6.09425103
6.470114108
5.533717395
6.110048134
7.364797757
4.548842135
6.907286224
5.522567171
6.964855124
6.105342523
7.709417578
8.039836048
5.800524873
8.172905309
5.768016758
7.486934528
4.902472092
7.315008516
7.167571739
6.661487119
7.092132974
8.579521746
7.668051167
6.550181133
5.110203729
8.733974682
7.53186202
6.939043733
6.587221533
7.457063562
8.474379611
6.906859353
6.413827255
4.869837922
7.867660788
6.015923004
6.249268354
7.600264571
5.460778261
5.15595345
6.238055103
5.851229453
7.592497805
5.221078545
6.381598469
6.17698815
5.860983033
6.884020304
6.944985553
4.910940761
6.843978913
8.492818161
6.442718423
6.321154633
6.856010095
5.053879631
7.34096172
7.314488535
7.892889171
6.261054587
7.927250881
7.64591402
6.756281205
9.286821769
6.157625667
4.609985008
7.656184716
7.921721608
8.413019004
4.536041724
7.362116203
8.748791988
4.919890735
3.7309853
5.940376805
6.004751294
4.617130089
5.369147034
5.79396853
6.465851125
6.38584283
6.728994386
5.461639166
8.395319601
6.123365661
7.17200232
5.759884716
4.807910063
6.194856583
8.875466774
5.335863962
5.368369211
5.136781483
6.588794368
6.537584131
6.472731202
6.749670429
5.814121728
6.937963663
6.611047543
6.265592601
5.631313361
4.31996461
6.998875911
7.347185733
5.860775327
8.75966718
5.577011889
4.646131556
5.95817648
4.742899564
5.178548981
6.801447917
6.124832494
5.439752699
6.776798246
6.336673841
7.139787858
4.020810884
4.908370938
5.878756924
5.469242633
1.901363176
6.488248978
7.247602953
5.037710089
6.475346863
5.326432684
6.936992459
5.75194319
5.725262299
8.082219501
8.478035234
3.413576378
6.904194988
6.941309875
7.036751431
7.371518832
6.470791659
5.813280877
5.357302071
4.718272812
6.036007444
6.676847324
5.495731575
5.550795113
7.296647318
7.680885956
6.234863595
6.407359724
7.843615613
5.135105512
7.600422141
7.369903024
7.741346981
7.724126017
7.005847665
7.198072985
5.553957972
5.084654476
5.910359728
2.549153323
4.595270839
4.855272728
8.374451609
7.462069989
5.250372233
6.442525041
5.74914704
5.757632898
6.015923004
7.898051736
7.496007693
6.579072301
7.869671954
4.890024065
6.923117708
5.8780364
6.027664831
5.414438369
7.089714991
5.191458258
7.79072654
6.295603948
6.050674342
5.910053183
7.556210876
5.896542275
6.856219234
6.654323415
5.802742312
7.559591468
6.649155121
7.835396191
7.149005701
5.299153027
6.889210085
5.663377415
4.481161541
4.958515428
5.268197692
6.169792932
5.556298602
3.61723698
7.984044823
4.151909088
4.769239531
5.758168636
6.07831641
6.255258877
4.430148983
5.097414778
5.736853718
7.546263914
8.061150966
6.684844716
7.070358238
5.447326084
5.763632016
3.574928014
8.735728006
8.271097177
5.515533821
8.518579416
6.168041041
9.665860598
6.133531788
8.606703996
9.480168701
4.626658774
6.866403983
6.882645148
4.570810252
5.309558374
5.590170413
6.565542772
4.923159595
7.22995082
6.40890391
4.416970405
4.862962142
8.048012496
4.859317978
7.549011361
8.344507587
6.713254579
7.459778062
5.843946856
6.611344061
5.357302071
5.147381644
6.569363127
