25.87582087
37.812907
36.69999134
29.11920314
33.04564227
30.48984483
32.19662383
31.16854448
25.12684279
28.16349313
29.81605628
30.22741079
35.27564615
36.79481599
28.44672083
24.69099283
26.84241928
35.68383892
29.42464614
33.81430162
27.98773705
28.48408942
27.53383053
26.27312062
35.12870118
25.10177039
35.09673295
33.23634394
33.07613349
34.79902122
32.75211236
25.34747257
26.37124087
29.60462095
29.23784011
37.5572534
39.5459677
34.89280272
33.57485832
29.76078806
33.50091503
34.04255651
38.26260401
30.6112189
25.19159163
28.93539731
28.60947913
34.21711251
31.97760493
36.57661407
24.61854503
33.46280332
28.010557
28.20570819
27.28403885
33.55348769
31.99499683
32.65791545
30.25373867
28.5400223
30.95069335
42.20198091
30.73918417
36.86308198
30.51649118
32.91945866
32.5866308
30.26976894
31.37107614
36.7345536
33.2923322
34.41760404
29.79009766
36.17568638
29.88876256
30.62374587
25.24590902
31.07943405
31.72608699
29.24961011
30.17694289
31.73480602
33.0011286
37.812907
28.1380607
29.54467243
30.54605465
33.92316719
28.37526078
26.66598009
26.83260634
30.77113394
33.48035215
26.29839612
25.52554572
36.59767082
36.10654341
29.10555456
37.66058937
30.98730496
32.47205563
30.29665993
35.33294527
37.37772169
33.87201616
36.02539966
24.60377484
33.25324658
28.35710268
32.13912623
23.61849212
36.35652895
29.26683585
37.08743199
30.87397142
31.4367435
33.87615181
29.36300366
35.10336107
33.39452348
34.46472558
28.9803864
32.68560033
39.67432069
28.29792035
34.47926037
34.19019383
39.8069201
37.40380032
30.79748489
26.92470773
25.25091242
34.59595875
25.30150034
33.78762758
32.64031122
36.9095804
33.51685761
31.51916119
31.44270235
34.77160405
37.0477371
23.58921021
29.44290579
30.28101275
28.3831536
32.16460943
27.7848592
26.32841654
28.36362925
31.64880195
31.90957434
31.15933618
30.26670413
36.47938927
35.4695788
34.93886727
38.26158856
32.78054498
33.95929877
30.11371261
39.33008286
32.47705442
29.20000995
30.63593128
28.77248669
37.61930668
38.21443472
31.17362173
24.07695894
32.2025319
28.40767213
38.84586051
28.45266583
35.44424792
34.42463373
25.49183275
28.25420981
34.47851725
23.80496582
34.00152306
30.87202822
33.7477619
34.98125311
38.81794484
32.66326041
35.32904502
34.62565146
25.33063455
41.57365686
26.19509707
24.27373485
29.33601574
34.21495237
30.1445177
40.7965231
34.0436135
29.89232587
30.54738397
35.67777391
28.20136021
32.27002246
36.37416086
29.01235464
37.24414375
30.18554191
36.23593031
24.29851185
29.73899741
31.83156463
31.42073631
26.17766824
34.23943858
31.88968996
35.16169411
32.16771579
31.43642964
36.22634815
35.46512005
33.8940976
33.04756239
31.48659291
35.05221927
32.65728771
29.82791859
27.02684362
28.25659151
29.88305757
36.67712524
26.05245392
39.92135218
32.1583921
31.64037832
31.66563997
34.77550892
40.60421517
33.1401992
32.04251531
35.6088525
32.02760665
30.11232329
31.94871535
34.43611756
30.49184804
29.3982998
30.74896942
30.64613195
30.01465077
30.96772523
37.41353941
16.82915092
32.47111865
36.85992485
27.84908185
30.83707363
30.70649588
31.29262334
31.61073639
32.08413957
29.24882544
41.11090668
32.6563415
37.18498912
36.66515215
18.10529568
38.77913616
27.50454862
36.98614539
44.7979902
28.64690311
31.84866113
41.85266582
36.08956692
30.84711736
29.89909246
38.06171091
30.62473363
29.11920314
27.61751291
29.48607168
34.5800254
29.05347578
27.82743429
29.85589426
29.59794667
28.99475964
35.31953209
26.28663535
25.41488004
35.77816508
30.59669795
37.72822763
22.03475808
26.67633769
31.22276032
29.56521223
37.40305258
36.61118555
33.00049163
31.23289175
37.23845723
28.50129669
35.74160885
36.94181634
38.81920031
27.2058953
32.55340709
37.63704937
38.97295803
32.30955119
39.35377055
23.92179806
35.17679663
26.8185285
33.85583356
37.88253
25.62086886
26.34743316
24.06853993
35.88529514
39.35853394
25.12684279
31.57388475
31.40314131
35.67590918
29.49549691
42.03094206
33.23991648
34.29010034
36.98154817
30.85132687
26.557373
25.25214943
32.207503
38.15930497
26.83962218
27.92675461
31.25313615
32.18418917
31.47437519
36.56555488
41.70215754
36.58478383
34.81198669
29.47852042
32.72151036
33.55315536
31.51821959
31.17298938
30.97189781
29.59349715
29.95548691
30.71990907
34.8143453
27.839592
39.10729294
28.66003935
39.28806165
28.81719422
30.43937693
30.42764385
31.56325945
31.11226542
31.2423816
26.35319354
32.08569044
26.67855321
26.31593572
30.60165058
35.84396629
36.91214672
34.03658381
36.12203365
33.57585531
24.71148648
28.04781481
30.17866454
31.78740175
35.46200907
37.85446663
31.50037535
27.75908522
36.94634895
34.37962618
37.10371613
30.57322258
31.72203903
33.74707878
36.52279517
30.41254133
36.19303213
31.34558371
27.88262866
35.42036636
29.02826952
42.5286976
32.5167724
34.9650659
34.41871642
35.46779714
36.99467518
33.29396615
22.77821579
36.19988181
32.337273
35.52109908
35.46423383
31.89807666
32.05090202
31.4696718
32.29554258
31.30682118
27.86012257
32.80837757
30.61517916
35.65175068
32.48237169
25.52333019
26.61818928
35.03541356
31.04175159
36.4074215
35.55545825
30.73526545
36.75534265
38.04297123
25.74067359
31.00686162
37.29284847
28.40397958
30.99820721
35.10418728
31.59856021
37.11734164
37.19617755
27.85538688
31.87135184
25.18520352
33.71381815
31.95058009
34.74586699
36.73090721
36.56148385
26.37614272
31.35597362
28.86613895
30.61946251
36.50502478
34.78803589
35.55908617
30.44038314
32.28713742
30.20684792
29.03438069
28.11148358
28.69447237
33.83383982
33.51818693
35.10046242
29.56968944
32.05960258
38.3209832
36.491907
25.03995713
28.59220724
32.08041009
28.75191919
36.51017589
28.10999733
29.11238577
29.48455774
31.79113584
31.18663335
38.81288605
32.29430096
24.15343162
27.00893476
36.86752227
34.18804292
33.89582386
30.43267495
30.72023678
29.04779387
28.72392967
25.29904479
31.6746821
27.91693243
31.91205758
26.71304162
32.13353202
37.34452568
29.54915887
33.23146977
31.79113584
22.127958
28.1979723
33.55148449
26.78732646
29.46868901
29.67653333
38.5346156
32.28309408
31.22117714
29.5371904
29.58122866
33.44991171
36.41690211
31.40251358
37.05176198
33.75354535
30.46012905
32.9382445
32.74295945
29.74517781
30.87235131
27.40163729
36.98679158
36.29062619
27.94684208
30.11926067
27.09883908
36.94375493
33.41295853
26.55275732
31.15139259
32.36469479
36.75289633
29.53681653
34.67545932
26.78874809
24.764253
34.46919356
26.64739734
30.36506439
26.63694742
29.05347578
31.84990737
33.88235991
36.85487529
32.32668461
31.11353935
38.25148944
31.34054338
31.69649583
25.88263362
36.47314886
27.28097404
33.3128997
26.19685103
39.275747
34.31884222
30.16591602
26.70354254
37.42858655
35.51434633
31.50883128
40.06886949
27.31943193
33.94225766
39.55638069
36.00071497
34.29555147
27.94684208
32.6023149
35.28336358
30.93814791
30.95872925
29.35183831
33.26984458
33.0158434
29.46755355
32.40242802
28.57398451
30.5221454
29.10193586
34.31447116
36.85045346
28.59220724
30.88430594
26.10411268
34.64628819
33.53282788
32.25539997
33.68573632
35.74633531
31.93877778
37.63462152
27.01956007
29.71203719
32.4542437
35.16588515
31.32605013
33.92421033
37.92691443
37.588917
27.99027568
27.26805935
33.88304765
33.16376689
34.92280468
33.77875161
34.21675248
30.25544185
34.53923198
34.0225429
36.36368326
28.5730983
29.3783785
31.82379182
28.19022718
35.56954532
36.67353423
37.8588423
24.52497585
31.38523245
23.13092802
31.74290193
30.30277109
27.3054464
36.27929929
29.04576297
30.65697881
34.05734055
30.549041
31.36163707
32.13974935
29.30269049
38.96221271
26.32675489
31.61323347
28.08772203
34.24593285
22.61330657
26.6406769
25.94424379
31.17076924
29.00540341
33.69689705
37.58732921
32.64628392
34.41427613
31.44364395
33.59358877
31.65753482
32.75969131
32.40554822
31.7005484
33.14600574
33.49527467
37.74664421
29.0805837
32.01114711
33.20227556
31.61261036
26.57879902
40.00129586
33.7900185
23.3466467
34.99342467
30.93975417
32.69882427
29.87627251
33.60129235
32.81723968
31.42983844
33.34299397
27.03345328
37.85535284
25.95753696
29.44594291
27.61694979
33.24316592
36.73882772
31.53292516
36.11221147
30.00130682
32.38090969
36.3346229
35.17890138
28.53284952
30.16694993
32.08941991
34.37337654
37.14409415
27.56288165
38.98647276
35.51255083
24.97788539
30.48084424
35.04934832
34.38735284
39.05375099
30.81956633
24.25833693
35.59419308
30.86782333
28.02973056
39.26201072
34.81474225
33.2551944
30.58612342
31.47625377
35.14245593
38.84331265
33.28222385
31.20914405
39.68720768
37.38440521
32.75969131
39.26810343
34.14411082
25.51996997
37.78128032
27.56968517
34.14055675
37.87285552
31.05772648
29.65743363
35.79535389
36.17883428
36.51590857
37.03972427
23.69367241
27.96886813
29.2004069
34.94248596
32.47299262
34.00712651
35.12703031
32.33073257
38.80911965
37.16621252
28.21776436
29.56819396
37.2116124
33.28972434
24.84113185
30.48284284
29.56968944
35.2198379
30.42462519
27.15533508
34.16051497
19.88835349
29.21304465
33.40373639
38.90660293
31.986924
38.36485068
27.49704351
29.75860945
28.80276097
42.44258737
29.52032007
29.11158265
32.44518773
34.93524857
37.34452568
37.45663145
32.5866308
29.88340836
32.48049311
30.03497825
28.38918169
31.75783829
26.44391945
34.40282923
28.78914008
33.2107038
24.47664039
33.5594927
32.05183438
31.31028756
36.26371674
31.21009488
30.78350398
32.09128465
33.07131471
37.78469592
32.56656641
28.01762823
31.99530608
32.0127026
31.96859973
38.03553074
32.82895891
32.99793454
33.93392173
31.6868352
27.44232918
27.24271
33.07131471
27.73151111
20.34386627
26.75653061
38.40305009
27.56854971
32.08662281
33.2799437
36.10808505
29.24686839
23.97999262
33.5554909
33.61873041
29.8844792
41.84683159
33.59258255
25.95753696
30.23802226
31.29135864
34.06262551
26.01377448
30.97286248
33.47472102
37.47802054
32.77548619
29.5502851
29.62683163
40.04900358
28.37665472
35.21814394
30.97350406
32.46549213
39.63067477
27.64314842
33.89340524
28.99065168
33.65470506
38.4245038
31.44427169
27.52925177
28.01813596
29.09187367
33.87545946
31.82938603
36.35159016
30.30888226
33.44198196
30.32143693
31.72421763
34.66200921
29.66037382
23.15463418
25.33667186
36.8706794
26.95122023
27.52753473
36.51648091
23.78317979
33.08159384
37.63946799
34.03272048
25.40551943
38.7853581
34.23547371
30.24348723
32.17673022
27.44994506
29.65375031
36.21680291
32.84480456
26.39242686
38.64504126
30.47116054
29.73645416
27.18196758
23.19791085
34.99708029
35.92210062
28.11592387
32.90291142
32.31391301
28.25468061
26.95122023
29.80452629
32.33540364
34.88761931
34.42204433
38.26971217
30.09739616
32.94844516
32.77516771
33.16700249
36.51935187
32.13166728
30.05350561
29.80380625
37.00654672
37.3896117
34.13094689
31.88502812
26.11487646
33.51984858
37.04974954
37.47878675
27.30970206
32.17641635
29.34412089
35.01988178
26.08429292
40.36165166
29.2719131
33.64359511
34.28247985
31.75410881
33.41724189
32.91977252
32.84353524
26.1353701
33.04435911
29.23312288
31.06954263
35.37427412
41.42669343
37.4391657
31.13390837
30.02096502
29.74917499
27.58832331
30.81794161
30.54870867
32.04904189
34.59330012
37.47343255
33.40604423
33.27244783
23.87818906
34.38956375
31.41288041
35.17595657
37.85186338
31.85487846
36.86181728
35.81117646
39.22720845
23.64474614
36.7873755
30.75484057
33.22562631
29.85589426
35.12994742
27.36467488
27.6147158
27.69882282
36.40297197
31.32825643
30.07931191
25.84735132
32.09438639
39.08742703
29.10716082
26.24593423
30.11544811
31.45901419
32.79445666
40.06665397
38.92765046
29.89018419
31.43454644
37.66793754
41.2535129
28.11887791
30.03812614
34.7751212
32.5305456
27.26127429
26.27566848
40.96098921
25.23088035
33.33808288
34.79745189
35.59922418
34.54752175
39.82061946
36.27821922
25.92513485
31.11799349
29.4599746
42.63858784
32.84829401
25.72211854
34.07815268
34.6359629
35.02151573
33.53615579
28.71614763
28.66572588
37.62333156
37.79918918
29.158358
31.87694606
23.82413015
31.93318819
33.7900185
31.25313615
33.61806114
37.0894629
33.51619295
34.5543068
33.85892607
