482.0076463
581.6983956
385.9905881
655.2976227
521.7369342
494.7832752
415.984421
544.3809117
538.2529015
554.7742165
523.7665021
426.5736569
449.0059271
508.5494557
563.1751208
432.5688404
513.1006586
519.2702482
501.3306221
487.9436027
525.4727269
455.5682479
563.2838155
522.1523268
580.2519416
539.1521389
595.9463486
542.4911895
605.2440839
441.6842147
497.6975746
390.8314428
508.8185852
490.639978
598.2345509
588.9600787
610.083869
719.8640995
594.8315937
536.1477286
456.5185571
519.6330984
521.8408158
587.071894
522.8650587
548.2122968
517.1595938
504.6893928
545.2096915
525.6482026
448.3286246
519.6693299
431.1701158
483.9366082
468.1431327
481.1712459
495.8132002
520.7878283
566.9640576
459.9240545
704.325448
540.2249133
453.5801926
524.1177876
560.3939824
419.7829838
481.0003828
458.3302678
611.8417003
583.6276249
426.3993177
519.651281
452.1865484
431.4407159
516.6528871
492.5701431
490.6943921
563.7803614
513.3318185
535.2154684
628.9691917
550.3777664
415.444825
525.081199
633.0757895
556.4654674
510.1681098
450.3410126
575.6867675
444.2565203
664.3793057
564.8476543
487.4712557
500.2476199
459.9843513
545.3749394
696.9668355
440.7585055
512.0390477
583.792338
540.645119
557.2689787
437.3883038
618.451082
578.4863559
607.1150218
503.6076608
553.8172894
562.8983038
469.68919
509.0826342
564.2464247
519.5877755
448.6795759
617.8232469
484.7617114
590.0202858
588.3210132
540.2710384
585.1338409
504.7184048
538.3170086
520.7832827
453.4624066
612.6262268
565.0913816
485.3765111
447.2701556
530.8328558
563.9609843
544.5924852
556.1446645
438.3110716
512.9294612
566.2979186
586.8978222
426.9581658
592.296188
632.711335
413.8255025
461.5285369
503.9091446
505.4753231
459.2296389
551.1342836
505.9843696
511.1126032
483.1385785
511.205856
644.0222604
480.9209675
502.4197743
532.6244453
524.5095161
576.1445417
533.1941228
499.9478741
478.9692774
540.4603515
554.8345133
460.2334264
573.995784
584.3324687
430.293874
530.6119905
554.1120884
475.2425092
463.0856909
464.5361558
466.0573457
580.8511658
647.5512926
574.2003385
542.1887029
546.0563196
452.9582401
554.7842437
516.1042667
566.2697757
549.2573963
490.0937641
485.411272
365.5682993
548.6064318
520.5253836
565.1580289
517.6336789
410.8761749
568.9883445
678.191678
543.3076693
507.3596306
469.7180683
511.7507997
576.0362481
612.5743529
472.3155087
463.0695138
568.9245048
621.2033421
643.8923081
513.3872354
483.4942759
584.7100254
423.1804595
467.4562041
568.456035
480.8475017
464.3857481
551.423267
462.9068061
502.3018546
476.4377489
561.056779
632.3736196
630.0168314
564.9361609
557.8817062
538.7618142
473.8969954
542.3515443
493.6218605
378.4694016
490.6889106
531.2025913
463.1911769
418.078096
667.6136726
489.2408523
499.4067407
458.3836124
534.3759929
619.2741128
556.6543794
494.390544
535.4835283
488.1787734
463.8437457
542.7428049
468.2618545
477.9319323
585.8790608
524.1538186
575.5221881
617.7785925
511.8856987
511.1685549
549.6154334
535.3789782
455.7091632
480.3069031
497.2740934
484.0248474
469.4500083
570.7723133
550.5238958
548.3467947
669.6586823
586.8524994
537.3150928
429.0010364
550.9826727
478.5219984
510.83719
637.8824181
521.2218715
595.4920506
567.9558124
585.4647378
541.6870098
495.6629931
573.5513795
533.7960209
466.5935993
523.293353
472.3709925
493.2088076
470.8852319
593.7407703
483.582983
542.0306078
463.3127063
454.3680614
502.3951743
440.1876248
545.4977389
473.0802483
631.3802604
520.9415784
503.5394759
500.7753169
548.6978797
585.5901444
526.8538037
483.4942759
438.7573479
530.6255606
538.2116563
550.3291012
559.0705285
483.4942759
522.9913343
486.8487684
453.8149622
511.4063327
473.7615617
541.9144262
494.6734442
427.1870528
583.121854
488.4246399
508.3178279
451.9839993
503.8799989
579.4436173
595.1476504
536.7628626
536.2752075
573.1034988
571.6975546
521.9672251
663.6327488
504.1615621
588.8348058
639.0487796
448.8214271
557.0688362
500.6759141
541.5802537
497.3405401
435.1090591
502.1543883
599.0756307
544.310454
466.3414491
494.1174037
527.227149
613.5326838
457.1419803
542.9387359
441.7999952
445.2613774
555.4903576
607.9538287
579.9746567
559.3161275
551.4183871
473.0666113
477.9510508
573.6930969
514.9167813
586.1769349
554.3875685
459.8376871
535.9474524
526.0306392
577.712124
540.8808246
509.4498964
444.9886381
560.3939824
501.3009416
498.5753538
483.2395187
499.1302579
573.5206294
653.3734739
550.0179912
465.2434062
575.4716511
439.797768
486.6781727
487.2510588
532.3353283
539.3636455
584.9361049
421.6488413
542.4027498
569.0463684
468.1431327
525.733701
378.687593
477.7915518
436.6045794
549.2332642
506.0850425
511.4109452
529.233855
564.582402
438.4650891
504.829506
511.2665538
614.5006408
563.0447675
515.6417463
545.5592389
425.393391
549.102844
368.6486487
554.207213
464.7571548
540.1649508
492.4526246
663.1685572
524.5950814
559.127884
549.6687112
493.4843544
539.4464032
580.0151665
395.4487582
509.3698795
645.4929133
585.0970745
531.3378914
525.6752091
519.5061543
558.6640935
439.3084417
530.8869357
476.9372361
523.9376995
623.5673498
525.0857447
584.3035904
670.1763521
471.0056918
515.0500091
545.3324241
570.2813158
566.2192387
341.9394523
585.6862716
530.6660704
504.3942595
491.377711
561.0674078
404.6646717
593.2633429
535.0655955
578.7509397
532.8277965
446.6223998
442.5512314
484.9768946
578.150646
445.0836958
503.1785643
557.1252558
538.3353917
537.8637132
574.6050354
548.0588141
559.1958014
575.8327632
564.1530382
533.4609794
396.5782197
458.3035287
470.4939045
549.6445122
546.5595503
421.1071062
513.8350492
455.1525879
482.6439043
552.9913841
474.5899403
613.2676989
576.061784
528.2078071
452.8487433
542.0538708
507.57829
517.9160442
457.775698
594.9893546
503.3835199
580.5372483
657.1597367
531.2295978
576.5219647
555.8399051
483.3700057
535.2835863
531.9876526
576.4834603
553.7873415
559.0653144
449.3408349
545.4174546
444.1594573
566.1069343
543.8834299
636.9641959
589.852765
506.30056
560.8389218
513.1561423
524.0772778
457.5413294
492.6982236
455.0481716
533.38865
507.5403204
498.4792934
497.5905511
431.2380332
531.7845019
573.0179335
649.769572
622.7111624
545.1200485
542.9340566
637.8027354
514.6961833
522.034942
548.7797683
465.0086365
678.191678
527.9559244
618.3607037
577.1985987
404.3101106
536.9407448
381.0534725
613.705686
518.5210174
532.0417993
517.424044
528.0773201
535.6108066
500.3273694
542.7008244
527.6679438
548.2651066
438.0011649
572.3245875
560.283015
438.2126716
594.691748
507.0978544
449.2762599
605.6713754
472.543861
547.0260147
568.3062289
540.0543176
610.8226715
547.1261528
496.6025397
532.9092172
550.2415305
552.2988402
537.6807506
528.0459016
575.4716511
381.0534725
539.0005279
516.2048727
450.3304507
481.3538743
558.119484
524.2484084
544.2399964
581.1255095
576.2339841
499.7477316
469.2536093
539.5522233
520.5163592
392.1748174
542.6542314
486.592808
628.1493696
559.3161275
615.0212519
610.7730704
471.8563976
546.5310063
528.3428398
361.7306973
405.4374329
498.3679249
510.9072466
575.0307226
544.9220451
561.8471881
465.3213508
560.3622966
592.3961924
482.9959251
430.0320978
498.5602462
527.1461963
634.7432426
447.5847416
596.5311337
509.5297796
551.9882651
553.3986881
624.6222091
456.4632071
511.1825929
520.1224916
523.0859909
551.1440434
502.7580244
467.2154181
611.6257817
457.3148488
447.8192439
585.287992
467.6960542
500.5962983
522.9778311
526.507465
486.4730834
514.8708568
527.1866392
507.5355073
463.2883736
397.7119594
514.3833353
612.4449354
508.175843
476.9760079
510.1353543
594.500162
548.905108
613.3072728
604.7237401
462.4074525
528.4507991
432.4870186
508.5731198
473.9646455
392.4849915
536.7127268
626.266399
548.2171099
526.3050496
491.507329
469.9993641
535.7472431
513.4703941
532.371493
501.7011598
491.5019143
505.273242
481.7782245
501.3751428
486.1072919
476.3204978
531.2702413
561.232522
574.7987605
520.7968528
591.7655497
570.9624955
462.1188035
595.6697322
510.3179827
518.3210086
545.3938573
495.2682565
514.5995882
572.1371461
540.3033927
562.3793639
500.1327753
590.0602608
561.4138134
600.9921588
452.7988748
561.1099899
503.6660189
646.2565833
485.7398293
506.9215097
535.6471719
591.3381245
436.5604599
506.0371126
538.2803759
557.943741
477.5677451
412.9527368
485.3533818
416.4881865
505.4849492
578.3874211
436.7069904
487.9827755
678.8141653
580.1436481
564.1859942
566.2753909
460.1048111
441.81283
526.5164226
511.0053124
591.3545691
529.2203517
488.2626675
575.4085467
589.148456
489.4727475
604.907438
666.0906109
498.8581871
477.2082374
561.5099406
606.4599127
568.0245989
510.874558
479.4761179
509.7881466
450.7808715
508.3745817
511.457605
631.3802604
498.0433785
584.9726038
596.2693575
504.0936447
489.9018439
564.6596781
543.5742586
560.7964734
600.3120487
511.0939527
568.889677
556.2413265
511.1079239
533.5153267
547.3552404
490.3727202
534.8749454
632.9158894
652.4825256
523.6493178
608.046881
543.9631794
551.4723333
431.8594509
603.595883
597.3984178
400.7612914
596.1165433
537.5801446
634.1223596
608.9995967
531.649135
464.472784
589.9883325
586.6641221
549.3444322
667.2243506
439.8785203
606.4599127
520.6475815
478.0082725
530.6795736
491.4910849
478.6735425
513.0867542
561.4565292
573.4100631
574.8614638
382.6620994
550.1248141
503.5492357
508.3225741
523.7124222
534.5210528
578.4863559
486.1645137
595.8746877
625.7834901
601.9958126
562.2609095
488.0948794
466.0727207
683.411159
515.4629951
432.2407511
530.4858485
485.7455782
533.3659886
488.1787734
582.0321001
584.3035904
546.1084609
499.8778844
606.5834476
623.2224149
516.7031566
553.6427496
645.1517218
468.0912587
488.8364227
577.5881881
578.7641756
575.1816651
531.3107511
561.1632676
453.8344818
460.0962546
587.4064007
586.3338937
507.6447368
575.0998433
507.0311402
435.0633352
517.9296812
504.1421762
562.0349637
406.4118073
464.9536875
510.2805479
501.2662476
513.9364574
473.4832072
454.5509572
495.351482
496.7772801
550.3728865
564.9749326
569.2732501
487.7695308
512.4615262
564.9417761
628.586822
499.1654867
538.3123961
469.2244637
556.0074258
548.1163033
531.883771
454.6853214
547.3027648
564.3179519
536.6169338
552.0917456
467.5912367
473.2991082
526.6874194
483.0851002
615.6608523
577.4581021
556.3431358
547.0641848
480.4916706
452.9483466
522.2380258
669.6586823
615.2704608
644.9832652
528.2437713
546.4644927
528.5812861
523.2212241
485.3245035
429.7328868
540.5342184
557.3459874
565.7261689
499.0295182
528.6982699
530.0758706
485.1914763
572.3003886
572.6766084
493.0920912
544.8843429
528.7478042
504.5055612
449.811845
466.0958501
514.3925603
626.2851164
623.2053018
573.0668662
505.6051417
496.8029496
487.5669818
471.1117125
491.9488591
515.2611146
627.7958781
597.9448323
546.3172268
596.739699
628.1691566
598.8284273
461.20994
489.7095895
594.7529806
570.0633918
466.6012199
535.7517888
610.7978041
573.9586166
556.771898
592.9586503
649.6107415
491.8735884
506.2143262
456.6935648
535.6380805
508.1474327
482.5841423
449.4590219
571.8478286
558.1298454
640.1172758
544.1273578
433.7421541
615.5071022
492.7408725
426.2041219
547.2836463
589.5746779
572.8349041
681.4859406
541.7334022
605.3641426
537.0138095
524.9191598
536.913404
567.2592577
541.1307019
496.3452423
556.078552
602.9076174
618.0312774
598.0475106
457.8206197
613.1623466
491.8521302
530.1614359
543.4386242
497.0387889
527.3395871
438.9648437
511.1172826
509.379305
609.864608
439.7434876
365.1746991
535.2109227
590.1803196
525.8371815
474.7569263
464.4886938
469.7976172
594.6134023
538.587475
392.7908873
522.233547
472.7025579
490.454542
521.7595288
542.4726058
455.6528773
620.9284637
520.7064076
461.9864447
483.3047622
569.0057249
546.9593005
503.1296986
533.5514914
537.2694357
484.3648356
545.4505443
684.5213682
555.192283
514.6455795
553.7324594
526.300504
589.4717322
666.7644373
511.4156246
591.9638205
537.3333423
460.685719
597.5830516
519.5786842
505.1479692
438.4928978
523.1220888
551.8210117
487.8144526
499.817855
470.4509882
491.8306052
449.769196
525.3017301
